LONGITUD LATITUDE NUM_PICK FARE_PIC TIP_PICK FPD_PICK TPD_PICK TPF_PICK NUM_DROP FARE_DRO FARE_TIP FPD_DROP TPD_DROP TPF_DROP
 -74.050   40.680        0    0.000    0.000    0.000    0.000    0.000        0    0.000    0.000    0.000    0.000    0.000
 -74.050   40.690        0    0.000    0.000    0.000    0.000    0.000        0    0.000    0.000    0.000    0.000    0.000
 -74.050   40.700        0    0.000    0.000    0.000    0.000    0.000        0    0.000    0.000    0.000    0.000    0.000
 -74.050   40.710        0    0.000    0.000    0.000    0.000    0.000        0    0.000    0.000    0.000    0.000    0.000
 -74.050   40.720        1   80.000    0.000  100.000    0.000    0.000       17   46.029    2.768   11.194    0.698    0.060
 -74.050   40.730        9   22.306    4.234  141.592   37.080    0.190       16   37.953    5.753   85.755   21.741    0.152
 -74.050   40.740        3   36.960    5.000    4.987    0.309    0.135        5   48.576    7.100    6.604    0.979    0.146
 -74.050   40.750        2   22.250    5.580    4.633    0.473    0.251        8   42.812    2.518    8.640    0.610    0.059
 -74.050   40.760        2    4.750    0.000    6.466    0.000    0.000        4   41.250    3.250    8.632    0.572    0.079
 -74.050   40.770        0    0.000    0.000    0.000    0.000    0.000        0    0.000    0.000    0.000    0.000    0.000
 -74.050   40.780        8   30.375    5.368    7.623    1.504    0.177       11   45.409    7.634    9.878    1.809    0.168
 -74.050   40.790        0    0.000    0.000    0.000    0.000    0.000        0    0.000    0.000    0.000    0.000    0.000
 -74.050   40.800        0    0.000    0.000    0.000    0.000    0.000        0    0.000    0.000    0.000    0.000    0.000
 -74.050   40.810        0    0.000    0.000    0.000    0.000    0.000        0    0.000    0.000    0.000    0.000    0.000
 -74.050   40.820        0    0.000    0.000    0.000    0.000    0.000        0    0.000    0.000    0.000    0.000    0.000
 -74.050   40.830        0    0.000    0.000    0.000    0.000    0.000        0    0.000    0.000    0.000    0.000    0.000
 -74.050   40.840        0    0.000    0.000    0.000    0.000    0.000        0    0.000    0.000    0.000    0.000    0.000
 -74.050   40.850        0    0.000    0.000    0.000    0.000    0.000        0    0.000    0.000    0.000    0.000    0.000
 -74.050   40.860        0    0.000    0.000    0.000    0.000    0.000        0    0.000    0.000    0.000    0.000    0.000
 -74.050   40.870        0    0.000    0.000    0.000    0.000    0.000        0    0.000    0.000    0.000    0.000    0.000
 -74.040   40.680        0    0.000    0.000    0.000    0.000    0.000        0    0.000    0.000    0.000    0.000    0.000
 -74.040   40.690        0    0.000    0.000    0.000    0.000    0.000        0    0.000    0.000    0.000    0.000    0.000
 -74.040   40.700        2   13.750    2.370    7.309    0.664    0.172        1    6.500    2.250    8.667    3.000    0.346
 -74.040   40.710        3   54.000    6.333   18.961    2.439    0.117       22   48.298    5.119   10.247    1.139    0.106
 -74.040   40.720        9   37.056    4.339   14.972    2.073    0.117       49   47.047    6.786   11.127    1.687    0.144
 -74.040   40.730        7   48.714    2.559   21.279    1.906    0.053       27   44.630    3.367   13.385    1.108    0.075
 -74.040   40.740        8   49.460    9.131    8.685    1.473    0.185       36   49.123    6.772   21.749    3.636    0.138
 -74.040   40.750        3   37.833    8.607  109.074   26.960    0.227       12   53.873    6.387   28.412    2.740    0.119
 -74.040   40.760        2    8.500    1.280    5.579    0.457    0.151        4   35.625    1.500    9.553    0.470    0.042
 -74.040   40.770        5   15.340    0.210    7.032    0.094    0.014        7   12.386    0.601    4.960    0.186    0.049
 -74.040   40.780        0    0.000    0.000    0.000    0.000    0.000        0    0.000    0.000    0.000    0.000    0.000
 -74.040   40.790        0    0.000    0.000    0.000    0.000    0.000        0    0.000    0.000    0.000    0.000    0.000
 -74.040   40.800        0    0.000    0.000    0.000    0.000    0.000        0    0.000    0.000    0.000    0.000    0.000
 -74.040   40.810        0    0.000    0.000    0.000    0.000    0.000        0    0.000    0.000    0.000    0.000    0.000
 -74.040   40.820        0    0.000    0.000    0.000    0.000    0.000        0    0.000    0.000    0.000    0.000    0.000
 -74.040   40.830        0    0.000    0.000    0.000    0.000    0.000        0    0.000    0.000    0.000    0.000    0.000
 -74.040   40.840        0    0.000    0.000    0.000    0.000    0.000        0    0.000    0.000    0.000    0.000    0.000
 -74.040   40.850        0    0.000    0.000    0.000    0.000    0.000        0    0.000    0.000    0.000    0.000    0.000
 -74.040   40.860        0    0.000    0.000    0.000    0.000    0.000        0    0.000    0.000    0.000    0.000    0.000
 -74.040   40.870        0    0.000    0.000    0.000    0.000    0.000        0    0.000    0.000    0.000    0.000    0.000
 -74.030   40.680        0    0.000    0.000    0.000    0.000    0.000        0    0.000    0.000    0.000    0.000    0.000
 -74.030   40.690        0    0.000    0.000    0.000    0.000    0.000        0    0.000    0.000    0.000    0.000    0.000
 -74.030   40.700        4   12.000    1.480    4.643    0.682    0.123        6   15.833    1.797    3.727    0.369    0.113
 -74.030   40.710        4    9.500    1.478    4.924    0.511    0.156        4   12.875    0.865    5.143    0.199    0.067
 -74.030   40.720        3    8.333    0.367    7.985    0.122    0.044        4    5.375    0.750    7.123    0.713    0.140
 -74.030   40.730        7   20.357    1.511    4.634    0.742    0.074       11   41.227    5.087    7.025    1.216    0.123
 -74.030   40.740        7   14.643    3.133    6.306    1.252    0.214       17   42.765    6.504    9.356    1.525    0.152
 -74.030   40.750        7   51.340    5.999  262.179   32.119    0.117       27   47.315    6.309   68.474    9.170    0.133
 -74.030   40.760       13   29.115    4.870   13.460    1.688    0.167       20   50.200    6.633   13.928    1.623    0.132
 -74.030   40.770        0    0.000    0.000    0.000    0.000    0.000        0    0.000    0.000    0.000    0.000    0.000
 -74.030   40.780        4   24.000    1.900   11.924    1.017    0.079        9   30.556    3.916   10.823    1.439    0.128
 -74.030   40.790        0    0.000    0.000    0.000    0.000    0.000        0    0.000    0.000    0.000    0.000    0.000
 -74.030   40.800        0    0.000    0.000    0.000    0.000    0.000        0    0.000    0.000    0.000    0.000    0.000
 -74.030   40.810        0    0.000    0.000    0.000    0.000    0.000        0    0.000    0.000    0.000    0.000    0.000
 -74.030   40.820        0    0.000    0.000    0.000    0.000    0.000        0    0.000    0.000    0.000    0.000    0.000
 -74.030   40.830        0    0.000    0.000    0.000    0.000    0.000        0    0.000    0.000    0.000    0.000    0.000
 -74.030   40.840        0    0.000    0.000    0.000    0.000    0.000        0    0.000    0.000    0.000    0.000    0.000
 -74.030   40.850        0    0.000    0.000    0.000    0.000    0.000        0    0.000    0.000    0.000    0.000    0.000
 -74.030   40.860        0    0.000    0.000    0.000    0.000    0.000        0    0.000    0.000    0.000    0.000    0.000
 -74.030   40.870        0    0.000    0.000    0.000    0.000    0.000        0    0.000    0.000    0.000    0.000    0.000
 -74.020   40.680        0    0.000    0.000    0.000    0.000    0.000        0    0.000    0.000    0.000    0.000    0.000
 -74.020   40.690        3   14.167    1.940    4.329    0.513    0.137        1    9.500    0.000    4.589    0.000    0.000
 -74.020   40.700    11457   14.048    1.925    4.760    0.639    0.137     9790   13.246    1.783    5.043    0.696    0.135
 -74.020   40.710    16438   12.469    1.737    5.490    0.732    0.139    12406   11.720    1.666    5.974    0.769    0.142
 -74.020   40.720     2145   11.777    1.805    5.038    0.828    0.153     2110   11.000    1.653    5.217    0.782    0.150
 -74.020   40.730       67   10.082    1.519    5.047    0.890    0.151      287   10.434    1.516    5.305    0.801    0.145
 -74.020   40.740       36   11.542    2.033    5.735    1.012    0.176       35   11.586    1.912    5.150    0.801    0.165
 -74.020   40.750       13    9.500    1.263    5.923    0.830    0.133       11    8.591    0.994    6.184    0.705    0.116
 -74.020   40.760        4   23.875    2.618   25.021    1.556    0.110        8   27.656    0.814   17.287    0.624    0.029
 -74.020   40.770        3   12.167    0.000    7.027    0.000    0.000       12   41.125    3.663   10.445    0.845    0.089
 -74.020   40.780        1   12.500    0.000    9.615    0.000    0.000        1   10.000    0.000    7.143    0.000    0.000
 -74.020   40.790        1   10.500    0.000    4.375    0.000    0.000        2   18.255    0.000    2.657    0.000    0.000
 -74.020   40.800        0    0.000    0.000    0.000    0.000    0.000        0    0.000    0.000    0.000    0.000    0.000
 -74.020   40.810        0    0.000    0.000    0.000    0.000    0.000        0    0.000    0.000    0.000    0.000    0.000
 -74.020   40.820        0    0.000    0.000    0.000    0.000    0.000        0    0.000    0.000    0.000    0.000    0.000
 -74.020   40.830        0    0.000    0.000    0.000    0.000    0.000        0    0.000    0.000    0.000    0.000    0.000
 -74.020   40.840        0    0.000    0.000    0.000    0.000    0.000        0    0.000    0.000    0.000    0.000    0.000
 -74.020   40.850        0    0.000    0.000    0.000    0.000    0.000        0    0.000    0.000    0.000    0.000    0.000
 -74.020   40.860        0    0.000    0.000    0.000    0.000    0.000        0    0.000    0.000    0.000    0.000    0.000
 -74.020   40.870        0    0.000    0.000    0.000    0.000    0.000        0    0.000    0.000    0.000    0.000    0.000
 -74.010   40.680       83   10.410    1.382    5.453    0.711    0.133      610   17.646    2.997    4.297    0.703    0.170
 -74.010   40.690        5   15.100    1.520    4.911    0.313    0.101       19   17.316    2.400    4.601    0.459    0.139
 -74.010   40.700    13566   13.658    1.983    4.880    0.697    0.145     8691   13.254    1.959    5.197    0.731    0.148
 -74.010   40.710    20513   10.859    1.499    5.490    0.770    0.138    17329   10.647    1.530    5.540    0.803    0.144
 -74.010   40.720    33581    9.894    1.452    5.831    0.869    0.147    28807    9.877    1.417    5.891    0.851    0.143
 -74.010   40.730    37946    9.279  105.465    6.303   20.520   11.367    51279    9.045    1.358    5.971    0.941    0.150
 -74.010   40.740    37256    9.752    1.451    5.979    0.901    0.149    41435    9.287    1.335    5.883    0.856    0.144
 -74.010   40.750    10730    9.543    1.504    5.641    0.880    0.158     8674    9.086    1.277    5.764    0.825    0.141
 -74.010   40.760     1862   10.587    1.436    5.544    0.768    0.136     5049    9.715    1.443    5.721    0.857    0.148
 -74.010   40.770        6   10.833    0.910    5.630    0.125    0.084       13   15.554    0.773    7.838    0.695    0.050
 -74.010   40.780        4   47.100    6.765  142.627   15.930    0.144       10   50.690    6.723   62.407    6.733    0.133
 -74.010   40.790        0    0.000    0.000    0.000    0.000    0.000        0    0.000    0.000    0.000    0.000    0.000
 -74.010   40.800        1    8.500    1.000    4.497    0.529    0.118        5   46.350    2.560    6.428    0.443    0.055
 -74.010   40.810        0    0.000    0.000    0.000    0.000    0.000        0    0.000    0.000    0.000    0.000    0.000
 -74.010   40.820        0    0.000    0.000    0.000    0.000    0.000        0    0.000    0.000    0.000    0.000    0.000
 -74.010   40.830        0    0.000    0.000    0.000    0.000    0.000        0    0.000    0.000    0.000    0.000    0.000
 -74.010   40.840        0    0.000    0.000    0.000    0.000    0.000        0    0.000    0.000    0.000    0.000    0.000
 -74.010   40.850        0    0.000    0.000    0.000    0.000    0.000        0    0.000    0.000    0.000    0.000    0.000
 -74.010   40.860        0    0.000    0.000    0.000    0.000    0.000        0    0.000    0.000    0.000    0.000    0.000
 -74.010   40.870        1   26.000    0.000    3.768    0.000    0.000        3   83.333    7.667    7.027    0.635    0.092
 -74.000   40.680     1057   12.410    1.831    6.213    0.822    0.148     2489   17.479    2.963    4.560    0.722    0.170
 -74.000   40.690     1186   12.030    1.657    5.378    0.710    0.138     3308   16.526    2.541    4.365    0.663    0.154
 -74.000   40.700      257   13.320    1.780    4.966    0.674    0.134      980   16.535    1.821    4.351    0.482    0.110
 -74.000   40.710    10365   10.709    1.237    6.322    0.682    0.116    13754   10.714    1.335    6.221    0.751    0.125
 -74.000   40.720    47385    9.650    1.343    6.189    0.888    0.139    44089    9.859    1.417    6.274    0.905    0.144
 -74.000   40.730    55850    8.925    1.297    6.529    0.950    0.145    50186    8.684    1.268    6.495    0.934    0.146
 -74.000   40.740    68396    9.165    1.308    6.163    0.893    0.143    54405    8.641    1.210    6.519    0.927    0.140
 -74.000   40.750    57750    9.907    1.270    6.267    0.768    0.128    53794    9.110    1.106    6.806    0.816    0.121
 -74.000   40.760    18876    9.460    1.334    5.706    0.813    0.141    22259    9.094    1.258    6.064    0.867    0.138
 -74.000   40.770     2035    9.563    1.331    5.393    0.774    0.139     2915    9.192    1.286    5.850    0.826    0.140
 -74.000   40.780        8    7.312    1.320    6.652    1.344    0.181        9    8.778    0.898    5.844    0.612    0.102
 -74.000   40.790        3    5.667    0.553    6.411    0.615    0.098        6   42.500    2.642    7.778    0.673    0.062
 -74.000   40.800        0    0.000    0.000    0.000    0.000    0.000        0    0.000    0.000    0.000    0.000    0.000
 -74.000   40.810        0    0.000    0.000    0.000    0.000    0.000        0    0.000    0.000    0.000    0.000    0.000
 -74.000   40.820        0    0.000    0.000    0.000    0.000    0.000        0    0.000    0.000    0.000    0.000    0.000
 -74.000   40.830        0    0.000    0.000    0.000    0.000    0.000        0    0.000    0.000    0.000    0.000    0.000
 -74.000   40.840        0    0.000    0.000    0.000    0.000    0.000        0    0.000    0.000    0.000    0.000    0.000
 -74.000   40.850        0    0.000    0.000    0.000    0.000    0.000        0    0.000    0.000    0.000    0.000    0.000
 -74.000   40.860        0    0.000    0.000    0.000    0.000    0.000        0    0.000    0.000    0.000    0.000    0.000
 -74.000   40.870        0    0.000    0.000    0.000    0.000    0.000        0    0.000    0.000    0.000    0.000    0.000
 -73.990   40.680      764   10.830    1.445    6.680    0.736    0.133     1298   16.845    2.506    5.198    0.660    0.149
 -73.990   40.690     1555   12.978    1.667    4.899    0.654    0.128     1797   15.214    2.185    4.610    0.641    0.144
 -73.990   40.700      388   12.505    1.958    4.783    0.741    0.157     1331   14.989    2.342    4.510    0.683    0.156
 -73.990   40.710     4602   10.521    1.386    5.971    0.799    0.132     7743   11.327    1.431    5.422    0.707    0.126
 -73.990   40.720    29504    9.797    1.355    5.984    0.849    0.138    47027   10.027    1.468    5.954    0.891    0.146
 -73.990   40.730    56159    9.141    1.331    6.455    0.963    0.146    55330    8.815    1.314    6.270    0.942    0.149
 -73.990   40.740    74057    9.209    1.291    6.359    0.889    0.140    62928    8.692    1.197    6.557    0.904    0.138
 -73.990   40.750    72192    9.319    1.140    6.543    0.746    0.122    65309    9.332    0.976    7.455    0.739    0.105
 -73.990   40.760    82854    9.315    1.246    6.341    0.805    0.134    66217    9.049    1.055    6.872    0.779    0.117
 -73.990   40.770    43050    9.019    1.184    6.038    0.784    0.131    53522    8.842    1.136    6.237    0.796    0.129
 -73.990   40.780    12251    8.877    1.133    6.215    0.796    0.128    12354    9.294    1.246    5.822    0.793    0.134
 -73.990   40.790       11   12.227    1.387    4.931    0.310    0.113       45   10.067    1.026   18.173    2.697    0.102
 -73.990   40.800        4   34.875    1.075    6.161    0.548    0.031        9   24.722    3.218    6.053    1.034    0.130
 -73.990   40.810        0    0.000    0.000    0.000    0.000    0.000        0    0.000    0.000    0.000    0.000    0.000
 -73.990   40.820        0    0.000    0.000    0.000    0.000    0.000        0    0.000    0.000    0.000    0.000    0.000
 -73.990   40.830        0    0.000    0.000    0.000    0.000    0.000        0    0.000    0.000    0.000    0.000    0.000
 -73.990   40.840        1   70.000    0.000   18.421    0.000    0.000        1   70.000    0.000   18.421    0.000    0.000
 -73.990   40.850        0    0.000    0.000    0.000    0.000    0.000        0    0.000    0.000    0.000    0.000    0.000
 -73.990   40.860        0    0.000    0.000    0.000    0.000    0.000        0    0.000    0.000    0.000    0.000    0.000
 -73.990   40.870        0    0.000    0.000    0.000    0.000    0.000        0    0.000    0.000    0.000    0.000    0.000
 -73.980   40.680      696   10.825    1.465    6.260    0.714    0.135     2407   18.033    2.390    5.031    0.633    0.133
 -73.980   40.690      135    9.378    1.157    5.684    0.639    0.123      806   13.540    2.140    4.753    0.741    0.158
 -73.980   40.700        1   13.500    0.000    3.453    0.000    0.000        5   13.200    0.952    4.426    0.437    0.072
 -73.980   40.710      297   12.092    1.602    5.717    0.730    0.133     1953   10.834    1.189    4.875    0.545    0.110
 -73.980   40.720     3779    9.869    1.372    5.853    0.802    0.139     8709    9.780    1.334    5.803    0.786    0.136
 -73.980   40.730     8773    9.817    1.294    5.964    0.818    0.132    13221    9.208    1.333    5.697    0.835    0.145
 -73.980   40.740    42871    9.235    1.300    6.084    0.864    0.141    41771    8.468    1.238    6.231    0.933    0.146
 -73.980   40.750   103044    9.601    1.310    6.233    0.813    0.136    64104    8.670    1.088    6.828    0.853    0.125
 -73.980   40.760    70956    9.405    1.213    6.197    0.769    0.129    42180    8.869    1.062    6.795    0.803    0.120
 -73.980   40.770    12427    9.075    1.192    5.874    0.769    0.131    15471    8.564    1.184    5.776    0.796    0.138
 -73.980   40.780    36723    8.927    1.167    5.823    0.765    0.131    42415    8.762    1.217    5.701    0.784    0.139
 -73.980   40.790    16402    9.445    1.173    5.831    0.738    0.124    20140    9.631    1.288    5.527    0.720    0.134
 -73.980   40.800       28   11.161    1.591    5.669    0.591    0.143      451    9.997    1.271    5.212    0.637    0.127
 -73.980   40.810        0    0.000    0.000    0.000    0.000    0.000        0    0.000    0.000    0.000    0.000    0.000
 -73.980   40.820        1    8.500    0.000    5.312    0.000    0.000        2   34.750    1.410    5.219    0.904    0.041
 -73.980   40.830        1    0.010    0.000    0.050    0.000    0.000        4   57.752    8.425    5.478    0.791    0.146
 -73.980   40.840        1   17.500    2.780    3.359    0.534    0.159        2   64.250    7.500    7.332    0.833    0.117
 -73.980   40.850        0    0.000    0.000    0.000    0.000    0.000        0    0.000    0.000    0.000    0.000    0.000
 -73.980   40.860        2   82.250    8.285    4.367    0.714    0.101        9   82.111    3.562    9.765    0.415    0.043
 -73.980   40.870        0    0.000    0.000    0.000    0.000    0.000        0    0.000    0.000    0.000    0.000    0.000
 -73.970   40.680      245   10.262    1.398    5.733    0.714    0.136     1049   18.055    2.825    4.494    0.714    0.156
 -73.970   40.690      194   11.255    1.519    5.097    0.688    0.135     1058   16.076    2.424    4.504    0.665    0.151
 -73.970   40.700       78   10.942    1.014    5.807    0.535    0.093      717   15.603    1.799    4.438    0.528    0.115
 -73.970   40.710      916   11.646    1.578    5.372    0.739    0.136     3754   15.451    2.381    4.463    0.690    0.154
 -73.970   40.720       23   10.174    1.123    5.576    0.577    0.110      183   18.216    2.579    4.118    0.538    0.142
 -73.970   40.730       12    8.917    1.600    5.443    1.054    0.179       13   10.654    1.006    5.574    0.696    0.094
 -73.970   40.740      795   11.128    1.363    5.872    0.667    0.122      268    9.682    1.365    5.875    0.763    0.141
 -73.970   40.750    37085    9.406    1.265    6.004    0.788    0.135    35568    8.816    1.146    6.353    0.817    0.130
 -73.970   40.760    69974    8.964    1.185    6.168    0.805    0.132    51178    8.422    1.090    6.592    0.830    0.129
 -73.970   40.770    29825    9.129    1.104    6.178    0.743    0.121    26765    8.029    1.020    6.160    0.786    0.127
 -73.970   40.780     6730    8.748    1.140    5.614    0.732    0.130     6231    8.612    1.173    5.591    0.754    0.136
 -73.970   40.790    13922    8.980    1.140    5.540    0.710    0.127    14429    9.634    1.248    5.200    0.656    0.129
 -73.970   40.800     9122   10.425    1.342    5.477    0.693    0.129    12029   10.330    1.369    5.012    0.665    0.133
 -73.970   40.810      901   10.763    1.303    5.191    0.654    0.121     1486   11.649    1.534    4.924    0.666    0.132
 -73.970   40.820        0    0.000    0.000    0.000    0.000    0.000        0    0.000    0.000    0.000    0.000    0.000
 -73.970   40.830        0    0.000    0.000    0.000    0.000    0.000        0    0.000    0.000    0.000    0.000    0.000
 -73.970   40.840        1    0.000    0.000    0.000    0.000    0.000        4   44.625    7.992    4.777    0.863    0.179
 -73.970   40.850        2   42.250    7.425   19.004    3.228    0.176        5   56.200    8.550   11.457    1.928    0.152
 -73.970   40.860        0    0.000    0.000    0.000    0.000    0.000        0    0.000    0.000    0.000    0.000    0.000
 -73.970   40.870        0    0.000    0.000    0.000    0.000    0.000        0    0.000    0.000    0.000    0.000    0.000
 -73.960   40.680      143   10.959    1.436    6.149    0.625    0.131      637   20.102    3.006    4.465    0.610    0.150
 -73.960   40.690      133    9.560    0.953    5.842    0.526    0.100      488   18.278    2.082    4.646    0.505    0.114
 -73.960   40.700      213    9.834    1.184    6.488    0.762    0.120      680   15.498    1.589    4.595    0.492    0.103
 -73.960   40.710     1797   10.191    1.471    5.678    0.844    0.144     3312   15.198    2.420    4.579    0.712    0.159
 -73.960   40.720      510   10.530    1.537    5.692    0.805    0.146     1822   16.160    2.476    4.385    0.662    0.153
 -73.960   40.730      235   10.784    1.621    5.192    0.785    0.150     1281   15.354    2.724    4.238    0.748    0.177
 -73.960   40.740      871   14.042    2.243    5.558    0.861    0.160     2535   13.551    2.411    4.400    0.787    0.178
 -73.960   40.750      494    9.697    1.150    6.361    0.674    0.119      728   10.243    1.250    6.192    0.661    0.122
 -73.960   40.760    32507    9.976    1.301    5.671    0.729    0.130    31382    9.156    1.243    5.864    0.785    0.136
 -73.960   40.770    59077    9.073    1.182    6.030    0.787    0.130    70594    8.747    1.199    5.875    0.797    0.137
 -73.960   40.780    30116    9.382    1.206    5.817    0.740    0.129    35452    9.051    1.192    5.531    0.719    0.132
 -73.960   40.790     1760   10.013    1.203    5.414    0.640    0.120     2891    9.885    1.242    5.058    0.612    0.126
 -73.960   40.800     2500    9.902    1.245    5.868    0.662    0.126     6504   11.194    1.443    5.040    0.608    0.129
 -73.960   40.810     1957    9.926    1.170    5.869    0.649    0.118     2838   12.118    1.376    5.064    0.529    0.114
 -73.960   40.820      902   12.232    1.305    6.623    0.640    0.107     1512   14.481    1.703    5.145    0.546    0.118
 -73.960   40.830        0    0.000    0.000    0.000    0.000    0.000        0    0.000    0.000    0.000    0.000    0.000
 -73.960   40.840        0    0.000    0.000    0.000    0.000    0.000        0    0.000    0.000    0.000    0.000    0.000
 -73.960   40.850        3   20.167    0.000    8.825    0.000    0.000        1   70.000    0.000    6.458    0.000    0.000
 -73.960   40.860        0    0.000    0.000    0.000    0.000    0.000        0    0.000    0.000    0.000    0.000    0.000
 -73.960   40.870        0    0.000    0.000    0.000    0.000    0.000        0    0.000    0.000    0.000    0.000    0.000
 -73.950   40.680       31   10.597    1.900    5.220    0.851    0.179      295   20.260    2.873    4.228    0.588    0.142
 -73.950   40.690       39    9.987    0.975    7.528    0.467    0.098      300   18.286    2.147    4.431    0.517    0.117
 -73.950   40.700      130   11.873    1.372    5.440    0.649    0.116      584   16.412 6767.045    4.506 1272.211  412.319
 -73.950   40.710      469    9.837    1.467    5.851    0.852    0.149     1369   15.589    2.462    4.416    0.683    0.158
 -73.950   40.720      235   10.666    1.776    5.947    0.818    0.166     1257   15.716    2.534    4.521    0.707    0.161
 -73.950   40.730       40   17.160    1.939    7.027    0.731    0.113       46   14.280    1.537    4.894    0.422    0.108
 -73.950   40.740      587   11.490    1.497    6.312    0.726    0.130      941   11.915    1.791    5.087    0.679    0.150
 -73.950   40.750      571   10.979    1.367    4.899    0.562    0.125      511   11.956    1.128    5.131    0.465    0.094
 -73.950   40.760      135   12.287    1.165    6.775    0.504    0.095      740   13.704    1.675    4.832    0.530    0.122
 -73.950   40.770    16715    9.975    1.275    5.705    0.702    0.128    22456    9.866    1.298    5.589    0.726    0.132
 -73.950   40.780     9170   10.366    1.306    5.621    0.680    0.126    11919    9.936    1.283    5.242    0.672    0.129
 -73.950   40.790     2838    9.975    0.976    5.707    0.503    0.098     4830   10.109    0.986    5.008    0.441    0.098
 -73.950   40.800     1711    9.612    0.982    6.073    0.515    0.102     4523   12.293    1.498    4.820    0.539    0.122
 -73.950   40.810      634   10.168    1.020    5.763    0.470    0.100     2198   13.693    1.479    4.578    0.451    0.108
 -73.950   40.820      595   11.049    0.984    6.412    0.447    0.089     2085   15.450    1.669    4.404    0.436    0.108
 -73.950   40.830      497   13.039    1.327    5.627    0.430    0.102     1679   17.801    1.953    4.338    0.393    0.110
 -73.950   40.840      165   15.092    1.881    5.268    0.465    0.125      585   21.196    2.820    3.749    0.473    0.133
 -73.950   40.850       15   14.667    2.492    4.174    0.597    0.170      187   22.222    3.176    3.482    0.479    0.143
 -73.950   40.860        0    0.000    0.000    0.000    0.000    0.000        0    0.000    0.000    0.000    0.000    0.000
 -73.950   40.870        0    0.000    0.000    0.000    0.000    0.000        0    0.000    0.000    0.000    0.000    0.000
 -73.940   40.680       11   12.227    0.577    5.152    0.144    0.047      249   23.461    3.265    4.195    0.538    0.139
 -73.940   40.690       92   10.371    1.306    5.863    0.680    0.126      345   19.879    2.549    4.383    0.550    0.128
 -73.940   40.700       85   10.624    1.280    5.352    0.645    0.120      318   19.064    2.538    4.302    0.571    0.133
 -73.940   40.710       33   11.636    1.486    5.648    0.580    0.128      159   17.943    2.459    4.289    0.565    0.137
 -73.940   40.720       36   13.333    1.720    4.927    0.621    0.129      107   14.103    2.211    4.679    0.763    0.157
 -73.940   40.730       68   23.669    2.585   13.182    0.991    0.109       91   12.632    1.536    4.807    0.644    0.122
 -73.940   40.740      371   12.111    1.589    6.379    0.743    0.131      235   11.689    1.556    8.073    0.696    0.133
 -73.940   40.750      927   10.844    1.305    5.565    0.621    0.120      872   12.620    1.473    5.391    0.570    0.117
 -73.940   40.760      276    9.646    0.993    5.607    0.483    0.103      680   13.310    1.724    4.530    0.521    0.130
 -73.940   40.770        3    7.833    0.833    5.018    0.306    0.106      128   13.500    1.498    4.619    0.375    0.111
 -73.940   40.780       20    8.500    1.102    6.143    0.709    0.130      131    8.744    0.715    4.882    0.418    0.082
 -73.940   40.790     1161    9.755    0.922    6.102    0.464    0.094     3360   11.062    1.038    4.751    0.405    0.094
 -73.940   40.800     1202    9.676    0.927    5.442    0.480    0.096     2964   10.841    1.224    4.504    0.481    0.113
 -73.940   40.810      347   11.277    1.153    5.679    0.479    0.102     1101   14.931    1.523    4.416    0.399    0.102
 -73.940   40.820      102   11.539    0.903    5.561    0.350    0.078      565   16.505    1.425    4.177    0.333    0.086
 -73.940   40.830       18   17.278    0.882    4.978    0.351    0.051      215   19.581    1.981    3.924    0.337    0.101
 -73.940   40.840      232   13.425    1.284    5.686    0.431    0.096      870   21.741    2.482    3.792    0.385    0.114
 -73.940   40.850      173   14.896    2.644    5.412    0.921    0.177     1457   23.109    3.033    3.576    0.452    0.131
 -73.940   40.860        7   12.143    0.334    8.691    0.418    0.028       34   21.853    2.723    3.843    0.355    0.125
 -73.940   40.870        0    0.000    0.000    0.000    0.000    0.000        0    0.000    0.000    0.000    0.000    0.000
 -73.930   40.680       20   12.275    0.915    5.396    0.277    0.075      141   23.660    2.953    4.329    0.550    0.125
 -73.930   40.690       53   11.774    1.216    5.249    0.531    0.103      263   20.189    2.313    4.385    0.514    0.115
 -73.930   40.700       38   12.092    1.513    4.938    0.662    0.125      304   20.941    2.740    4.117    0.542    0.131
 -73.930   40.710        5   14.700    1.020    4.098    0.446    0.069        6   15.667    2.378    4.775    0.431    0.152
 -73.930   40.720       17   15.441    2.066    6.318    1.074    0.134       17    9.618    1.370    5.970    0.972    0.142
 -73.930   40.730       33   33.727    5.499    8.145    1.192    0.163      222   15.603    1.857    4.230    0.479    0.119
 -73.930   40.740      511   12.114    1.227    9.184    0.480    0.101      852   14.702    1.657    7.617    0.459    0.113
 -73.930   40.750      256   10.450    1.164    5.488    0.550    0.111      839   13.560    1.744    4.715    0.570    0.129
 -73.930   40.760      747   11.521    1.373    5.330    0.522    0.119     1942   15.675    2.178    4.323    0.567    0.139
 -73.930   40.770      231   12.668    1.549    5.274    0.569    0.122      647   15.815    2.119    4.304    0.528    0.134
 -73.930   40.780       12   42.333    5.183    9.067    1.066    0.122        3   14.500    0.000   12.587    0.000    0.000
 -73.930   40.790       19   33.368    3.096   37.394    0.770    0.093       18   17.056    1.357   34.440    0.342    0.080
 -73.930   40.800       61   12.839    1.203    5.476    0.477    0.094      155   15.090    1.074    4.395    0.263    0.071
 -73.930   40.810      114    9.682    0.684    6.206    0.457    0.071      214   15.044    1.014    4.696    0.729    0.067
 -73.930   40.820       38   11.703    1.068   11.411    0.294    0.091      208   19.049    1.555    5.170    0.334    0.082
 -73.930   40.830       13   12.077    0.977    5.133    0.354    0.081      147   19.997    1.466    3.933    0.249    0.073
 -73.930   40.840        4   18.000    1.250    5.161    0.135    0.069       52   21.923    0.802    3.788    0.102    0.037
 -73.930   40.850        4   19.000    2.125    4.168    0.309    0.112      204   23.979    2.353    3.813    0.422    0.098
 -73.930   40.860       89   12.896    1.248    5.716    0.577    0.097      754   25.548    3.060    3.325    0.457    0.120
 -73.930   40.870        0    0.000    0.000    0.000    0.000    0.000        0    0.000    0.000    0.000    0.000    0.000
 -73.920   40.680       16    9.981    2.038    5.051    1.083    0.204      128   24.961    2.406    4.151    0.395    0.096
 -73.920   40.690        9   12.333    1.167    5.282    0.354    0.095      106   23.792    3.063    4.129    0.519    0.129
 -73.920   40.700       14   17.107    2.324    4.763    0.759    0.136      120   22.917    2.836    3.965    0.488    0.124
 -73.920   40.710        7   17.571    3.004    4.344    0.605    0.171       30   18.533    2.402    3.972    0.532    0.130
 -73.920   40.720        5   42.100    8.008   13.411    1.640    0.190       19   20.763    0.834    4.543    0.146    0.040
 -73.920   40.730       26   24.538    5.059    6.487    1.412    0.206       49   14.939    1.421    4.147    0.349    0.095
 -73.920   40.740      317   12.717    1.451    4.971    0.613    0.114      776   15.744    1.889    4.457    0.534    0.120
 -73.920   40.750      173    8.734    0.886    5.925    0.556    0.101      545   14.701    1.819    4.720    0.506    0.124
 -73.920   40.760      289   11.642    1.430    5.932    0.633    0.123     1288   17.255    2.311    4.428    0.549    0.134
 -73.920   40.770      246   12.558    1.600    5.416    0.686    0.127      820   18.758    2.619    4.160    0.543    0.140
 -73.920   40.780        9   16.444    3.420    4.400    0.858    0.208      189   17.965    2.573    4.101    0.544    0.143
 -73.920   40.790       11   21.045    3.251    8.303    1.510    0.154       24   13.104    1.885    4.589    0.810    0.144
 -73.920   40.800       15   11.933    1.217   57.639    0.232    0.102      108   15.912    0.766   11.544    0.153    0.048
 -73.920   40.810       20    8.900    0.000    5.511    0.000    0.000      135   19.000    0.709    4.097    0.137    0.037
 -73.920   40.820       24    9.458    0.525    6.270    0.558    0.056      111   19.095    1.089    4.230    0.265    0.057
 -73.920   40.830       11    8.273    0.645    8.772    0.705    0.078      122   21.447    0.501    4.043    0.143    0.023
 -73.920   40.840        8   15.562    0.345    5.960    0.148    0.022      127   25.057    1.398    3.521    0.169    0.056
 -73.920   40.850        2   10.250    0.000    5.266    0.000    0.000       35   27.986    1.015    3.358    0.110    0.036
 -73.920   40.860       11   12.591    1.364    6.076    0.439    0.108      112   24.598    2.322    3.405    0.288    0.094
 -73.920   40.870       12    7.750    1.035    5.463    0.713    0.134      299   27.360    3.229    3.308    0.384    0.118
 -73.910   40.680        6   15.417    1.533   44.885  100.142    0.099       25   27.480    3.586   13.733   24.414    0.131
 -73.910   40.690        4   18.125    1.515    3.638    0.151    0.084       47   28.266    3.338    3.998    0.574    0.118
 -73.910   40.700        2    7.000    0.000   10.521    0.000    0.000       83   25.312    2.703    4.061    0.374    0.107
 -73.910   40.710        1   14.000    3.160    3.889    0.878    0.226       69   20.051    2.642    3.702    0.439    0.132
 -73.910   40.720       23   35.791    4.453    6.888    0.723    0.124      114   18.952    1.837    3.698    0.357    0.097
 -73.910   40.730        4    6.500    1.030    7.370    0.984    0.158      110   17.736    1.344    3.972    0.313    0.076
 -73.910   40.740      104   11.505    0.993    5.527    0.427    0.086      362   16.929    1.877    4.216    0.446    0.111
 -73.910   40.750       62    9.298    1.110    6.290    0.495    0.119      199   16.843    1.926    4.423    0.435    0.114
 -73.910   40.760       43   17.802    1.685    5.813    0.459    0.095      297   18.266    2.308    4.272    0.500    0.126
 -73.910   40.770       75   10.609    1.404    5.515    0.800    0.132      514   20.040    2.991    4.074    0.610    0.149
 -73.910   40.780        1    7.500    1.660    7.282    1.612    0.221       21   20.595    3.408    3.881    0.660    0.165
 -73.910   40.790        0    0.000    0.000    0.000    0.000    0.000        0    0.000    0.000    0.000    0.000    0.000
 -73.910   40.800        0    0.000    0.000    0.000    0.000    0.000        0    0.000    0.000    0.000    0.000    0.000
 -73.910   40.810        5    7.400    0.000    6.043    0.000    0.000       75   20.900    0.759    3.962    0.134    0.036
 -73.910   40.820       10    8.200    0.921    6.399    0.470    0.112       53   19.396    0.603   27.953    0.131    0.031
 -73.910   40.830        4    7.250    0.000    5.680    0.000    0.000       52   24.096    0.873    3.785    0.124    0.036
 -73.910   40.840        0    0.000    0.000    0.000    0.000    0.000        0    0.000    0.000    0.000    0.000    0.000
 -73.910   40.850        5   11.500    0.750   16.502    0.188    0.065       65   27.646    1.348    4.369    0.143    0.049
 -73.910   40.860        3   12.000    0.000    4.205    0.000    0.000       81   28.457    1.647    3.423    0.213    0.058
 -73.910   40.870       14   11.464    0.797    5.736    0.262    0.070       82   27.222    3.252    3.624    0.399    0.119
