LONGITUD LATITUDE NUM_PICK FARE_PIC TIP_PICK FPD_PICK TPD_PICK TPF_PICK NUM_DROP FARE_DRO FARE_TIP FPD_DROP TPD_DROP TPF_DROP
 -74.050   40.680        0    0.000    0.000    0.000    0.000    0.000        0    0.000    0.000    0.000    0.000    0.000
 -74.050   40.690        0    0.000    0.000    0.000    0.000    0.000        0    0.000    0.000    0.000    0.000    0.000
 -74.050   40.700        0    0.000    0.000    0.000    0.000    0.000        0    0.000    0.000    0.000    0.000    0.000
 -74.050   40.710        5   61.600    9.332   69.997   16.024    0.151       47   51.340    7.492   16.190    3.032    0.146
 -74.050   40.720       11   41.155    2.273   84.718    3.038    0.055       52   46.433    5.518   30.160    2.693    0.119
 -74.050   40.730        6   49.083    7.102   38.623    6.721    0.145       24   51.165    8.069   12.898    2.347    0.158
 -74.050   40.740        1   12.000    0.000    4.781    0.000    0.000       14   58.607    6.229   11.282    1.130    0.106
 -74.050   40.750        2   16.450    3.550    5.291    1.205    0.216        7   36.743    5.239    8.250    1.227    0.143
 -74.050   40.760        0    0.000    0.000    0.000    0.000    0.000        0    0.000    0.000    0.000    0.000    0.000
 -74.050   40.770        0    0.000    0.000    0.000    0.000    0.000        0    0.000    0.000    0.000    0.000    0.000
 -74.050   40.780        7   35.429    2.037    4.905    2.007    0.057       15   37.300    5.479    5.547    1.676    0.147
 -74.050   40.790        0    0.000    0.000    0.000    0.000    0.000        0    0.000    0.000    0.000    0.000    0.000
 -74.050   40.800        1    6.500    1.560    5.118    1.228    0.240        1    6.500    1.560    5.118    1.228    0.240
 -74.050   40.810        0    0.000    0.000    0.000    0.000    0.000        0    0.000    0.000    0.000    0.000    0.000
 -74.050   40.820        0    0.000    0.000    0.000    0.000    0.000        0    0.000    0.000    0.000    0.000    0.000
 -74.050   40.830        0    0.000    0.000    0.000    0.000    0.000        0    0.000    0.000    0.000    0.000    0.000
 -74.050   40.840        0    0.000    0.000    0.000    0.000    0.000        0    0.000    0.000    0.000    0.000    0.000
 -74.050   40.850        0    0.000    0.000    0.000    0.000    0.000        0    0.000    0.000    0.000    0.000    0.000
 -74.050   40.860        0    0.000    0.000    0.000    0.000    0.000        0    0.000    0.000    0.000    0.000    0.000
 -74.050   40.870        0    0.000    0.000    0.000    0.000    0.000        0    0.000    0.000    0.000    0.000    0.000
 -74.040   40.680        0    0.000    0.000    0.000    0.000    0.000        0    0.000    0.000    0.000    0.000    0.000
 -74.040   40.690        0    0.000    0.000    0.000    0.000    0.000        0    0.000    0.000    0.000    0.000    0.000
 -74.040   40.700        1    4.000    0.000    6.667    0.000    0.000        1   38.000    0.000    3.333    0.000    0.000
 -74.040   40.710        3   31.667    3.333  120.940    1.111    0.105       65   50.208    7.438   15.427    1.442    0.148
 -74.040   40.720       22   44.534    5.699  151.991    9.070    0.128      118   50.606    5.836   35.258    2.233    0.115
 -74.040   40.730       14   36.982    3.704   43.842    3.550    0.100       81   42.543    8.797   13.716    2.327    0.207
 -74.040   40.740       21   49.429    7.543  120.368   14.043    0.153      134   46.104    8.239   25.245    3.260    0.179
 -74.040   40.750       12   23.083    6.725   21.685    7.276    0.291       59   47.182    7.372   13.810    2.610    0.156
 -74.040   40.760        0    0.000    0.000    0.000    0.000    0.000        0    0.000    0.000    0.000    0.000    0.000
 -74.040   40.770        5   19.100    1.240    6.244    0.458    0.065        4   19.000    1.250    4.925    0.219    0.066
 -74.040   40.780        0    0.000    0.000    0.000    0.000    0.000        0    0.000    0.000    0.000    0.000    0.000
 -74.040   40.790        0    0.000    0.000    0.000    0.000    0.000        0    0.000    0.000    0.000    0.000    0.000
 -74.040   40.800        0    0.000    0.000    0.000    0.000    0.000        0    0.000    0.000    0.000    0.000    0.000
 -74.040   40.810        0    0.000    0.000    0.000    0.000    0.000        0    0.000    0.000    0.000    0.000    0.000
 -74.040   40.820        0    0.000    0.000    0.000    0.000    0.000        0    0.000    0.000    0.000    0.000    0.000
 -74.040   40.830        0    0.000    0.000    0.000    0.000    0.000        0    0.000    0.000    0.000    0.000    0.000
 -74.040   40.840        0    0.000    0.000    0.000    0.000    0.000        0    0.000    0.000    0.000    0.000    0.000
 -74.040   40.850        0    0.000    0.000    0.000    0.000    0.000        0    0.000    0.000    0.000    0.000    0.000
 -74.040   40.860        0    0.000    0.000    0.000    0.000    0.000        0    0.000    0.000    0.000    0.000    0.000
 -74.040   40.870        0    0.000    0.000    0.000    0.000    0.000        0    0.000    0.000    0.000    0.000    0.000
 -74.030   40.680        0    0.000    0.000    0.000    0.000    0.000        0    0.000    0.000    0.000    0.000    0.000
 -74.030   40.690        0    0.000    0.000    0.000    0.000    0.000        0    0.000    0.000    0.000    0.000    0.000
 -74.030   40.700        1   20.500    4.350    3.254    0.690    0.212        9   19.444    3.729    3.181    0.626    0.192
 -74.030   40.710        1    6.500    1.400    8.125    1.750    0.215        2   13.750    0.000    4.563    0.000    0.000
 -74.030   40.720        0    0.000    0.000    0.000    0.000    0.000        0    0.000    0.000    0.000    0.000    0.000
 -74.030   40.730        2   42.500   10.155  377.165   90.739    0.239       24   38.961    6.405   10.096    1.633    0.164
 -74.030   40.740        2   52.000   11.085   10.679    2.190    0.213       42   52.417    8.811   40.353    8.866    0.168
 -74.030   40.750       20   29.651    4.625   55.997    8.332    0.156      107   45.975    8.074   20.004    3.297    0.176
 -74.030   40.760       11   35.819    4.050   13.511    1.489    0.113       30   34.359    5.618   10.067    1.290    0.164
 -74.030   40.770        3   13.800    3.000    4.173    0.917    0.217        5   64.400    8.812   13.802    2.299    0.137
 -74.030   40.780        0    0.000    0.000    0.000    0.000    0.000        0    0.000    0.000    0.000    0.000    0.000
 -74.030   40.790        0    0.000    0.000    0.000    0.000    0.000        0    0.000    0.000    0.000    0.000    0.000
 -74.030   40.800        0    0.000    0.000    0.000    0.000    0.000        0    0.000    0.000    0.000    0.000    0.000
 -74.030   40.810        1   24.700    4.000    3.384    0.548    0.162        2   15.200    3.000    4.067    1.107    0.197
 -74.030   40.820        0    0.000    0.000    0.000    0.000    0.000        0    0.000    0.000    0.000    0.000    0.000
 -74.030   40.830        0    0.000    0.000    0.000    0.000    0.000        0    0.000    0.000    0.000    0.000    0.000
 -74.030   40.840        1   65.000   15.000    5.909    1.364    0.231        2   32.500    7.500    2.955    0.682    0.231
 -74.030   40.850        0    0.000    0.000    0.000    0.000    0.000        0    0.000    0.000    0.000    0.000    0.000
 -74.030   40.860        0    0.000    0.000    0.000    0.000    0.000        0    0.000    0.000    0.000    0.000    0.000
 -74.030   40.870        1   70.000    5.000   87.500    6.250    0.071        1   70.000    5.000   87.500    6.250    0.071
 -74.020   40.680        0    0.000    0.000    0.000    0.000    0.000        0    0.000    0.000    0.000    0.000    0.000
 -74.020   40.690        7   15.000    2.074    4.014    0.535    0.138        3   19.667    2.267    3.846    0.418    0.115
 -74.020   40.700    10006   14.352    2.141    4.672    0.648    0.149    11562   13.018    1.885    4.848    0.688    0.145
 -74.020   40.710    14211   12.856    1.949    5.256    0.738    0.152    12024   11.740    1.708    4.904    0.730    0.145
 -74.020   40.720     2049   12.120    2.066    4.764    0.822    0.170     1722   10.750    1.666    5.020    0.796    0.155
 -74.020   40.730       98   11.910    1.878    5.026    0.763    0.158      215   11.024    1.503    5.198    0.764    0.136
 -74.020   40.740       19   12.500    1.170    5.176    0.520    0.094       12   12.083    1.838    4.364    0.684    0.152
 -74.020   40.750       16    9.344    1.721    5.640    0.737    0.184       18    9.611    1.767    5.426    0.733    0.184
 -74.020   40.760        4   15.875    0.728   17.969    2.783    0.046       11   29.818    1.515   11.980    1.318    0.051
 -74.020   40.770        6   24.250    3.852    4.641    0.616    0.159       27   39.138    5.508    8.620    1.237    0.141
 -74.020   40.780        1   49.000    0.000  490.000    0.000    0.000        6   30.417    1.930   87.193    0.538    0.063
 -74.020   40.790        2   13.000    1.750    4.212    0.385    0.135        2   60.000    3.300    9.041    0.465    0.055
 -74.020   40.800        0    0.000    0.000    0.000    0.000    0.000        0    0.000    0.000    0.000    0.000    0.000
 -74.020   40.810        0    0.000    0.000    0.000    0.000    0.000        0    0.000    0.000    0.000    0.000    0.000
 -74.020   40.820        0    0.000    0.000    0.000    0.000    0.000        0    0.000    0.000    0.000    0.000    0.000
 -74.020   40.830        0    0.000    0.000    0.000    0.000    0.000        0    0.000    0.000    0.000    0.000    0.000
 -74.020   40.840        0    0.000    0.000    0.000    0.000    0.000        0    0.000    0.000    0.000    0.000    0.000
 -74.020   40.850        0    0.000    0.000    0.000    0.000    0.000        0    0.000    0.000    0.000    0.000    0.000
 -74.020   40.860        0    0.000    0.000    0.000    0.000    0.000        0    0.000    0.000    0.000    0.000    0.000
 -74.020   40.870        0    0.000    0.000    0.000    0.000    0.000        0    0.000    0.000    0.000    0.000    0.000
 -74.010   40.680       52   13.048    2.595    4.696    0.814    0.199      813   17.931    3.037    3.828    0.623    0.169
 -74.010   40.690        4    9.125    2.333    4.809    1.354    0.256       20   14.925    1.918    4.319    0.622    0.129
 -74.010   40.700    12764   14.008    2.192    4.553    0.691    0.157    11349   12.792    1.984    4.693    0.715    0.155
 -74.010   40.710    19952   11.191    1.615    5.198    0.771    0.144    17498   10.555    1.525    5.283    0.788    0.144
 -74.010   40.720    32612   10.504    1.575    5.526    0.818    0.150    27093    9.631    1.390    5.872    0.863    0.144
 -74.010   40.730    45430    9.965    1.458    6.072    0.883    0.146    51547    9.209    1.390    6.021    0.904    0.151
 -74.010   40.740    36338   10.253    1.463    5.657    0.780    0.143    34918    9.121    1.281    5.813    0.806    0.140
 -74.010   40.750     7360   10.144    1.560    5.190    0.777    0.154     6001    8.578    1.234    5.517    0.793    0.144
 -74.010   40.760     1184   10.945    1.569    5.415    0.724    0.143     4127    9.536    1.325    5.389    0.738    0.139
 -74.010   40.770        4   25.750    3.050    9.623    1.358    0.118       10   25.250    2.420   13.001    0.633    0.096
 -74.010   40.780        3    8.500    0.467    7.064    0.583    0.055       26   46.962    6.725    8.678    1.304    0.143
 -74.010   40.790        4   36.845    6.002   19.104    2.622    0.163       14   41.741    9.553   10.118    1.987    0.229
 -74.010   40.800        0    0.000    0.000    0.000    0.000    0.000        0    0.000    0.000    0.000    0.000    0.000
 -74.010   40.810        0    0.000    0.000    0.000    0.000    0.000        0    0.000    0.000    0.000    0.000    0.000
 -74.010   40.820        0    0.000    0.000    0.000    0.000    0.000        0    0.000    0.000    0.000    0.000    0.000
 -74.010   40.830        0    0.000    0.000    0.000    0.000    0.000        0    0.000    0.000    0.000    0.000    0.000
 -74.010   40.840        1   10.500    2.000    4.930    0.939    0.190        3   59.167    8.617    4.370    0.642    0.146
 -74.010   40.850        0    0.000    0.000    0.000    0.000    0.000        0    0.000    0.000    0.000    0.000    0.000
 -74.010   40.860        0    0.000    0.000    0.000    0.000    0.000        0    0.000    0.000    0.000    0.000    0.000
 -74.010   40.870        0    0.000    0.000    0.000    0.000    0.000        0    0.000    0.000    0.000    0.000    0.000
 -74.000   40.680      828   12.558    1.797    5.117    0.694    0.143     3620   17.769    3.070    3.910    0.655    0.173
 -74.000   40.690      977   11.796    1.647    5.042    0.677    0.140     5035   16.373    2.683    3.933    0.639    0.164
 -74.000   40.700      231   14.754    1.843    5.069    0.665    0.125     1039   16.252    1.908    3.916    0.468    0.117
 -74.000   40.710    13067   11.065    1.410    5.622    0.714    0.127    14350   10.594    1.396    5.917    0.773    0.132
 -74.000   40.720    50888   10.155    1.477    5.966    0.890    0.145    41304    9.803    1.434    6.315    0.959    0.146
 -74.000   40.730    50710    9.425    1.366    6.291    0.897    0.145    43783    8.589    1.293    6.334    0.928    0.151
 -74.000   40.740    57886    9.361    1.353    5.658    0.817    0.144    46699    8.192    1.170    6.054    0.858    0.143
 -74.000   40.750    53109   10.047    1.340    5.646    0.727    0.133    52052    8.463    1.058    6.156    0.763    0.125
 -74.000   40.760    16518    9.714    1.369    5.612    0.711    0.141    22796    8.765    1.257    5.902    0.811    0.143
 -74.000   40.770     1103   10.219    1.400    5.101    0.678    0.137     3612    9.628    1.416    5.438    0.813    0.147
 -74.000   40.780       11    7.636    1.542    6.108    1.482    0.202        8    8.938    1.530    5.634    1.049    0.171
 -74.000   40.790        1    9.500    1.580    5.556    0.924    0.166       10   55.400    4.549    6.970    0.504    0.082
 -74.000   40.800        3   25.900    9.733   21.583    8.111    0.376        8   29.712    5.729   11.520    3.565    0.193
 -74.000   40.810        0    0.000    0.000    0.000    0.000    0.000        0    0.000    0.000    0.000    0.000    0.000
 -74.000   40.820        1   11.500    3.600    4.323    1.353    0.313        1   65.000    5.000    4.962    0.382    0.077
 -74.000   40.830        1   75.000   17.250    7.143    1.643    0.230        2   77.500   13.125    6.771    1.181    0.169
 -74.000   40.840        0    0.000    0.000    0.000    0.000    0.000        0    0.000    0.000    0.000    0.000    0.000
 -74.000   40.850        2   65.000    3.000    5.200    0.240    0.046       10   56.070    9.000    4.856    0.841    0.161
 -74.000   40.860        0    0.000    0.000    0.000    0.000    0.000        0    0.000    0.000    0.000    0.000    0.000
 -74.000   40.870        0    0.000    0.000    0.000    0.000    0.000        0    0.000    0.000    0.000    0.000    0.000
 -73.990   40.680      799   10.522    1.442    5.709    0.689    0.137     1886   16.676    2.699    4.194    0.643    0.162
 -73.990   40.690     1386   12.528    1.686    4.716    0.629    0.135     2628   15.329    2.326    4.294    0.609    0.152
 -73.990   40.700      252   13.449    2.079    4.326    0.756    0.155     1554   14.314    2.389    4.055    0.659    0.167
 -73.990   40.710     5864   11.019    1.508    5.848    0.782    0.137     9578   11.322    1.533    5.516    0.763    0.135
 -73.990   40.720    41250   10.434    1.477    5.885    0.839    0.142    52669   10.088    1.528    6.054    0.920    0.151
 -73.990   40.730    57660    9.323    1.391    6.077    0.915    0.149    56068    8.621    1.337    5.998    0.938    0.155
 -73.990   40.740    72520    9.381    1.361    5.800    0.837    0.145    57205    8.231    1.162    6.197    0.889    0.141
 -73.990   40.750    69849    9.505    1.226    6.018    0.699    0.129    41857    8.337    0.920    6.897    0.699    0.110
 -73.990   40.760    75937    9.608    1.338    5.792    0.765    0.139    50207    8.653    1.084    6.663    0.804    0.125
 -73.990   40.770    35571    9.297    1.202    5.465    0.743    0.129    33759    8.818    1.251    5.577    0.820    0.142
 -73.990   40.780     7736    9.263    1.197    5.669    0.753    0.129    10289    9.521    1.289    5.332    0.711    0.135
 -73.990   40.790        6    7.250    0.193    4.941    0.307    0.027       39    8.795    0.846    5.837    0.418    0.096
 -73.990   40.800        0    0.000    0.000    0.000    0.000    0.000        0    0.000    0.000    0.000    0.000    0.000
 -73.990   40.810        0    0.000    0.000    0.000    0.000    0.000        0    0.000    0.000    0.000    0.000    0.000
 -73.990   40.820        1   19.000    1.000    3.486    0.183    0.053        3   55.333   21.443    4.573    1.711    0.388
 -73.990   40.830        0    0.000    0.000    0.000    0.000    0.000        0    0.000    0.000    0.000    0.000    0.000
 -73.990   40.840        0    0.000    0.000    0.000    0.000    0.000        0    0.000    0.000    0.000    0.000    0.000
 -73.990   40.850        0    0.000    0.000    0.000    0.000    0.000        0    0.000    0.000    0.000    0.000    0.000
 -73.990   40.860        0    0.000    0.000    0.000    0.000    0.000        0    0.000    0.000    0.000    0.000    0.000
 -73.990   40.870        0    0.000    0.000    0.000    0.000    0.000        0    0.000    0.000    0.000    0.000    0.000
 -73.980   40.680     1194   12.329    1.621    5.112    0.617    0.131     2679   17.228    2.867    4.332    0.663    0.166
 -73.980   40.690      135   10.204    0.923    5.079    0.456    0.090     1115   14.722    2.268    4.274    0.616    0.154
 -73.980   40.700        2   10.000    1.475    5.517    0.861    0.148        6    9.083    0.658    5.569    0.406    0.072
 -73.980   40.710      267   13.133    1.572    5.843    0.681    0.120     2000   10.903    1.285    4.791    0.554    0.118
 -73.980   40.720     4102   10.127    1.405    7.174    0.850    0.139    10165    9.845    1.397    6.180    0.796    0.142
 -73.980   40.730     6435    9.633    1.316    5.542    0.777    0.137    14102    9.085    1.369    5.405    0.815    0.151
 -73.980   40.740    36807    9.200    1.352    6.004    0.862    0.147    43919    8.301    1.245    6.164    0.921    0.150
 -73.980   40.750    96444    9.577    1.490    5.463    0.805    0.156    53511    8.145    0.991    6.286    0.730    0.122
 -73.980   40.760    58389    9.472    1.364    5.562    0.750    0.144    29680    8.280    0.946    6.470    0.697    0.114
 -73.980   40.770     9210    9.500    1.245    5.178    0.670    0.131    12052    8.801    1.283    5.266    0.758    0.146
 -73.980   40.780    27250    9.206    1.222    5.298    0.921    0.133    31576    9.364    1.340    5.102    0.901    0.143
 -73.980   40.790    10649    9.674    1.195    5.416    0.682    0.124    16874   10.281    1.432    4.992    0.672    0.139
 -73.980   40.800       14   10.429    1.518    5.328    0.510    0.146      408   11.672    1.505    4.527    0.584    0.129
 -73.980   40.810        0    0.000    0.000    0.000    0.000    0.000        0    0.000    0.000    0.000    0.000    0.000
 -73.980   40.820        0    0.000    0.000    0.000    0.000    0.000        0    0.000    0.000    0.000    0.000    0.000
 -73.980   40.830        0    0.000    0.000    0.000    0.000    0.000        0    0.000    0.000    0.000    0.000    0.000
 -73.980   40.840        0    0.000    0.000    0.000    0.000    0.000        0    0.000    0.000    0.000    0.000    0.000
 -73.980   40.850        0    0.000    0.000    0.000    0.000    0.000        0    0.000    0.000    0.000    0.000    0.000
 -73.980   40.860        1    4.500    0.000    5.625    0.000    0.000        6   73.333    7.735    5.240    0.561    0.105
 -73.980   40.870        0    0.000    0.000    0.000    0.000    0.000        0    0.000    0.000    0.000    0.000    0.000
 -73.970   40.680      320   10.836    1.301    5.186    0.599    0.120     1854   18.566    3.153    4.050    0.659    0.170
 -73.970   40.690      224   10.429    1.409    5.132    0.582    0.135     1543   16.087    2.533    4.127    0.637    0.157
 -73.970   40.700       83   11.235    1.353    5.834    0.650    0.120      945   14.033    1.919    4.525    0.590    0.137
 -73.970   40.710     1399   11.082    1.622    5.264    0.787    0.146     5464   15.393    2.442    4.394    0.685    0.159
 -73.970   40.720       21   12.190    2.180    5.360    0.926    0.179      319   17.761    3.012    3.999    0.704    0.170
 -73.970   40.730        7    9.857    1.380    6.962    1.173    0.140       12    7.600    1.261    6.000    1.187    0.166
 -73.970   40.740      477   10.364    1.409    4.727    0.609    0.136      237    9.761    1.377    5.019    0.727    0.141
 -73.970   40.750    33122    9.335    1.325    5.252    0.731    0.142    32596    8.546    1.128    5.736    0.760    0.132
 -73.970   40.760    48731    9.021    1.200    5.594    0.711    0.133    38465    8.138    1.084    5.991    0.763    0.133
 -73.970   40.770    18180    9.307    1.109    5.599    0.657    0.119    16695    7.947    0.969    5.724    0.691    0.122
 -73.970   40.780     3237    9.085    1.183    5.127    0.666    0.130     5046    9.103    1.230    5.090    0.670    0.135
 -73.970   40.790     8760    9.302    1.130    5.191    0.633    0.121    12836   10.301    1.397    4.808    0.627    0.136
 -73.970   40.800     6521   10.557    1.324    5.297    0.627    0.125     9997   11.256    1.544    4.674    0.613    0.137
 -73.970   40.810      689   10.749    1.395    5.204    0.680    0.130     1085   12.850    1.709    4.446    0.576    0.133
 -73.970   40.820        0    0.000    0.000    0.000    0.000    0.000        0    0.000    0.000    0.000    0.000    0.000
 -73.970   40.830        0    0.000    0.000    0.000    0.000    0.000        0    0.000    0.000    0.000    0.000    0.000
 -73.970   40.840        0    0.000    0.000    0.000    0.000    0.000        0    0.000    0.000    0.000    0.000    0.000
 -73.970   40.850        2   60.000    2.000 3021.429    1.429    0.033        4   46.125    3.750 1513.484    0.964    0.081
 -73.970   40.860        0    0.000    0.000    0.000    0.000    0.000        0    0.000    0.000    0.000    0.000    0.000
 -73.970   40.870        0    0.000    0.000    0.000    0.000    0.000        0    0.000    0.000    0.000    0.000    0.000
 -73.960   40.680      211    9.652    1.225    4.934    0.631    0.127     1137   19.150    3.154    4.048    0.649    0.165
 -73.960   40.690      226    7.896    0.729    5.831    0.390    0.092      811   17.968    2.543    4.130    0.568    0.142
 -73.960   40.700      351    9.740    1.210    6.672    0.699    0.124     1048   14.511    1.914    4.838    0.569    0.132
 -73.960   40.710     2625    9.978    1.418    6.006    0.855    0.142     5276   15.028    2.497    4.726    0.769    0.166
 -73.960   40.720      657   10.876    1.541    5.330    0.780    0.142     2967   15.953    2.632    4.253    0.701    0.165
 -73.960   40.730      305   10.627    1.862    4.839    1.035    0.175     2131   15.285    2.718    3.993    0.702    0.178
 -73.960   40.740      826   14.297    2.219    5.831    0.862    0.155     3853   13.531    2.618    4.135    0.795    0.193
 -73.960   40.750      337   10.155    1.318    5.123    0.651    0.130      625   11.038    1.433    5.023    0.617    0.130
 -73.960   40.760    22315    9.843    1.290    5.217    0.678    0.131    26534    9.222    1.298    5.260    0.732    0.141
 -73.960   40.770    48342    8.957    1.180    5.563    0.724    0.132    55743    9.301    1.353    5.233    0.742    0.146
 -73.960   40.780    18017    9.553    1.236    5.237    0.664    0.129    27664    9.515    1.285    4.950    0.647    0.135
 -73.960   40.790     1039   10.063    1.223    5.398    0.637    0.122     2488   10.622    1.452    4.738    0.605    0.137
 -73.960   40.800     1944   10.121    1.240    5.369    0.590    0.122     6562   12.325    1.705    4.503    0.583    0.138
 -73.960   40.810     1588    9.865    1.110    5.388    0.582    0.113     2618   13.111    1.572    4.536    0.503    0.120
 -73.960   40.820      703   12.242    1.287    5.715    0.554    0.105     1597   15.709    1.979    4.399    0.456    0.126
 -73.960   40.830        2   17.250    0.000    4.499    0.000    0.000        7   19.286    1.637    4.015    0.258    0.085
 -73.960   40.840        0    0.000    0.000    0.000    0.000    0.000        0    0.000    0.000    0.000    0.000    0.000
 -73.960   40.850        0    0.000    0.000    0.000    0.000    0.000        0    0.000    0.000    0.000    0.000    0.000
 -73.960   40.860        0    0.000    0.000    0.000    0.000    0.000        0    0.000    0.000    0.000    0.000    0.000
 -73.960   40.870        1    0.000    5.000    0.000    0.347    0.000        3   10.500    6.667    0.963    0.500    0.635
 -73.950   40.680       55    9.527    0.803    6.298    1.545    0.084      540   19.838    2.974    4.037    0.582    0.150
 -73.950   40.690       70   11.286    1.289    5.216    0.899    0.114      522   18.644    2.343    4.182    0.517    0.126
 -73.950   40.700      187    9.552    1.184    5.477    0.651    0.124      996   16.484    2.403    4.263    0.622    0.146
 -73.950   40.710      824    9.453    1.440    5.391    0.853    0.152     2439   15.444    2.629    4.238    0.710    0.170
 -73.950   40.720      338   10.415    1.481    7.122    0.764    0.142     2068   15.320    2.619    4.462    0.739    0.171
 -73.950   40.730       34   22.526    2.956    7.594    1.112    0.131       40   12.485    1.655    4.514    0.552    0.133
 -73.950   40.740      466   12.055    1.673    5.378    0.664    0.139     1126   12.881    2.200    4.491    0.736    0.171
 -73.950   40.750      631   10.968    1.240    4.940    0.505    0.113      608   12.455    1.259    4.762    0.398    0.101
 -73.950   40.760      137   12.640    1.383    4.744    0.531    0.109     1024   14.377    2.057    4.114    0.584    0.143
 -73.950   40.770     9825   10.199    1.319    5.334    0.659    0.129    20163   10.286    1.424    5.020    0.669    0.138
 -73.950   40.780     6970   10.396    1.276    5.896    0.712    0.123    13390   10.413    1.445    5.142    0.678    0.139
 -73.950   40.790     2121   10.278    0.925    5.082    0.431    0.090     5018   10.929    1.205    4.421    0.437    0.110
 -73.950   40.800     1057    9.916    1.037    6.321    0.689    0.105     4258   13.244    1.754    4.471    0.559    0.132
 -73.950   40.810      465    9.650    0.890    5.578    0.404    0.092     2433   15.391    1.828    4.103    0.442    0.119
 -73.950   40.820      493   11.105    1.126    6.134    0.574    0.101     2483   16.748    2.061    4.136    0.490    0.123
 -73.950   40.830      430   12.646    1.405    5.139    0.476    0.111     2030   19.038    2.340    3.627    0.405    0.123
 -73.950   40.840      135   15.937    1.616    8.210    0.332    0.101      715   20.991    2.982    3.494    0.460    0.142
 -73.950   40.850       21   13.524    1.731    6.364    0.551    0.128      279   23.604    2.975    3.326    0.407    0.126
 -73.950   40.860        0    0.000    0.000    0.000    0.000    0.000        0    0.000    0.000    0.000    0.000    0.000
 -73.950   40.870        0    0.000    0.000    0.000    0.000    0.000        0    0.000    0.000    0.000    0.000    0.000
 -73.940   40.680       32   10.250    1.851    5.175    1.209    0.181      446   21.371    3.290    4.083    0.760    0.154
 -73.940   40.690      144    9.455    1.320    5.791    0.772    0.140      806   18.410    2.583    4.304    0.584    0.140
 -73.940   40.700      221   10.885    1.461    5.075    0.725    0.134      619   18.120    2.591    4.237    0.585    0.143
 -73.940   40.710       51   11.000    1.763    4.667    0.784    0.160      296   16.242    2.603    4.091    0.637    0.160
 -73.940   40.720       32    7.922    1.012    6.415    0.617    0.128      186   13.957    2.410    4.581    0.692    0.173
 -73.940   40.730       54   26.657    3.939    8.687    1.176    0.148       82   12.817    0.768    4.940    0.223    0.060
 -73.940   40.740      422   12.323    1.513   10.001    1.553    0.123      232   13.784    1.518   13.717    2.260    0.110
 -73.940   40.750      741   10.903    1.379    6.127    0.737    0.126     1157   13.645    1.732    5.235    0.607    0.127
 -73.940   40.760      286   10.059    1.112    5.053    0.435    0.111      963   14.520    2.163    4.213    0.562    0.149
 -73.940   40.770       13   11.969    0.520    4.515    0.418    0.043      156   13.584    1.452    4.354    0.421    0.107
 -73.940   40.780        9   18.667    2.978    8.054    1.426    0.160      110   10.177    0.684    4.280    0.207    0.067
 -73.940   40.790      760   10.116    0.894    4.884    0.367    0.088     3090   11.524    1.236    4.129    0.413    0.107
 -73.940   40.800      688    9.656    0.902    5.248    0.396    0.093     2626   11.166    1.210    4.207    0.421    0.108
 -73.940   40.810      236   11.695    1.099    5.554    0.378    0.094     1332   16.133    1.933    3.866    0.421    0.120
 -73.940   40.820       88   10.290    0.631    5.654    0.339    0.061      593   17.153    1.321    4.186    0.269    0.077
 -73.940   40.830       18   11.250    0.967    5.333    0.228    0.086      252   19.456    2.269    3.603    0.378    0.117
 -73.940   40.840      196   11.934    1.312    5.845    0.461    0.110     1183   21.770    2.409    3.516    0.353    0.111
 -73.940   40.850      216   11.533    1.480    6.047    0.555    0.128     2345   23.823    3.346    3.323    0.449    0.140
 -73.940   40.860        2   22.000    1.500    3.454    0.135    0.068       62   25.169    2.874    3.176    0.332    0.114
 -73.940   40.870        0    0.000    0.000    0.000    0.000    0.000        0    0.000    0.000    0.000    0.000    0.000
 -73.930   40.680       27   11.870    1.772    4.925    0.643    0.149      286   22.277    3.050    4.058    0.539    0.137
 -73.930   40.690       70   10.307    1.073    5.099    0.611    0.104      511   19.984    2.769    4.231    0.578    0.139
 -73.930   40.700       60   10.558    1.551    5.008    0.645    0.147      570   19.511    3.105    4.064    0.623    0.159
 -73.930   40.710        4    9.875    0.990    4.398    0.481    0.100       18   14.361    2.089    4.435    0.494    0.145
 -73.930   40.720       10   14.400    1.566    4.130    0.570    0.109       12   14.708    1.346    4.172    0.507    0.092
 -73.930   40.730       37   26.541    2.802    7.994    0.718    0.106      395   16.342    2.031    3.964    0.462    0.124
 -73.930   40.740      372   11.976    1.263    5.187    0.452    0.105     1269   15.384    2.061    3.997    0.504    0.134
 -73.930   40.750      301    9.656    1.080    5.194    0.527    0.112     1090   14.286    1.952    4.357    0.542    0.137
 -73.930   40.760      790    9.776    1.211    5.432    0.595    0.124     3042   16.796    2.565    4.014    0.588    0.153
 -73.930   40.770      256   13.003    1.598    5.182    0.510    0.123     1099   16.975    2.546    4.012    0.582    0.150
 -73.930   40.780       10   43.900    6.917   10.462    1.564    0.158        5    9.900    0.692    4.218    0.314    0.070
 -73.930   40.790       32   40.225    6.788   12.153    1.898    0.169       15   14.933    0.767    5.584    0.191    0.051
 -73.930   40.800       61    9.648    0.858    4.981    0.399    0.089      239   15.657    1.003    3.814    0.238    0.064
 -73.930   40.810       81   10.079    1.045    5.320    0.430    0.104      239   15.725    1.266    3.962    0.345    0.081
 -73.930   40.820       24   11.604    1.155    4.931    0.474    0.099      250   20.507    1.714    3.533    0.268    0.084
 -73.930   40.830       13    9.269    1.000    4.975    0.440    0.108      204   20.321    1.763    3.534    0.273    0.087
 -73.930   40.840        2    6.250    0.000    5.643    0.000    0.000      100   22.715    1.831    3.381    0.260    0.081
 -73.930   40.850        8   12.062    0.838    5.222    0.099    0.069      325   24.494    2.804    3.365    0.350    0.114
 -73.930   40.860       94   13.566    1.411    5.570    0.467    0.104     1086   25.766    3.213    3.996    0.610    0.125
 -73.930   40.870        0    0.000    0.000    0.000    0.000    0.000        0    0.000    0.000    0.000    0.000    0.000
 -73.920   40.680       14   12.643    1.144    4.578    0.514    0.091      210   23.371    2.800    3.900    0.467    0.120
 -73.920   40.690       15    8.267    0.860    9.294    0.468    0.104      156   23.326    2.930    3.932    0.486    0.126
 -73.920   40.700       19   11.211    1.701    5.332    0.836    0.152      224   21.788    2.809    3.896    0.513    0.129
 -73.920   40.710        4    8.750    1.062    4.566    0.354    0.121       30   16.900    1.404    4.170    0.315    0.083
 -73.920   40.720        5   37.600    4.818    7.183    0.883    0.128       22   16.614    1.089    3.742    0.246    0.066
 -73.920   40.730       18   35.111    4.904   17.634    1.028    0.140       76   17.329    1.903    5.194    0.411    0.110
 -73.920   40.740      241   11.651    1.439    5.181    0.594    0.123     1277   16.590    2.133    3.975    0.487    0.129
 -73.920   40.750      196    8.143    0.864    5.745    0.575    0.106      869   16.004    2.293    4.230    0.590    0.143
 -73.920   40.760      372   10.951    1.228    6.049    0.723    0.112     2154   17.704    2.599    4.021    0.559    0.147
 -73.920   40.770      238   12.948    1.724    5.238    0.698    0.133     1425   18.984    2.861    3.988    0.576    0.151
 -73.920   40.780       17   14.000    1.252    5.297    0.318    0.089      283   18.580    2.702    3.816    0.552    0.145
 -73.920   40.790        4   33.750    7.457   10.640    2.352    0.221        8   16.812    2.482    3.852    0.588    0.148
 -73.920   40.800       10    8.350    0.050    6.681    0.037    0.006      153   16.039    0.946    3.957    0.162    0.059
 -73.920   40.810       18    9.917    0.573    5.270    0.341    0.058      155   17.929    1.396    3.776    0.281    0.078
 -73.920   40.820       27   10.093    0.867    5.244    0.368    0.086      173   19.072    1.339    3.802    0.260    0.070
 -73.920   40.830        9    7.389    0.328    5.338    0.147    0.044      147   21.707    1.006    3.532    0.145    0.046
 -73.920   40.840        6   13.333    1.267   20.726    3.533    0.095      115   23.182    1.291    3.322    0.158    0.056
 -73.920   40.850        2   15.500    0.000    6.033    0.000    0.000       62   24.710    2.162    3.183    0.245    0.087
 -73.920   40.860       10   10.650    1.288    4.995    0.465    0.121      160   26.262    2.630    3.206    0.288    0.100
 -73.920   40.870        6   11.500    0.667    4.478    0.113    0.058      499   27.904    4.226    3.136    0.468    0.151
 -73.910   40.680        3   13.500    0.000    4.770    0.000    0.000       68   25.015    2.712    3.992    0.425    0.108
 -73.910   40.690        7   15.929    2.634    4.573    0.749    0.165      114   26.048    3.212    3.874    0.480    0.123
 -73.910   40.700        9   12.333    2.183    5.068    0.688    0.177      181   22.765    2.362    3.698    0.394    0.104
 -73.910   40.710        5    6.900    1.000    6.135    1.654    0.145      123   20.102    2.974    3.538    0.504    0.148
 -73.910   40.720       18   27.900    4.050    7.070    0.896    0.145      119   17.735    2.044    3.550    0.409    0.115
 -73.910   40.730        6   20.000    4.650    3.510    0.732    0.232      144   18.399    1.939    3.776    0.404    0.105
 -73.910   40.740       74   10.642    0.737    5.556    0.263    0.069      535   17.736    2.180    3.926    0.450    0.123
 -73.910   40.750       33    9.712    1.314    5.348    0.619    0.135      333   17.179    1.993    3.857    0.433    0.116
 -73.910   40.760       53   15.104    2.014    5.669    0.944    0.133      457   18.965    2.475    3.918    0.464    0.131
 -73.910   40.770       87   10.031    1.267    5.812    0.659    0.126      833   20.348    3.311    3.899    0.573    0.163
 -73.910   40.780        1    2.500   22.000  125.000 1100.000    8.800       23   17.826    4.006    8.974   48.404    0.225
 -73.910   40.790        0    0.000    0.000    0.000    0.000    0.000        0    0.000    0.000    0.000    0.000    0.000
 -73.910   40.800        0    0.000    0.000    0.000    0.000    0.000        0    0.000    0.000    0.000    0.000    0.000
 -73.910   40.810        3   12.000    0.333    6.769    0.045    0.028      134   20.683    0.912    3.612    0.150    0.044
 -73.910   40.820        5   13.500    0.000    4.792    0.000    0.000       78   22.833    1.244    3.626    0.184    0.054
 -73.910   40.830        1   11.000    0.000    4.418    0.000    0.000       48   25.500    0.650    3.431    0.075    0.025
 -73.910   40.840        1   20.000    0.000    3.226    0.000    0.000       66   24.220    1.287    4.750    0.439    0.053
 -73.910   40.850        4    9.375    1.950    5.452    0.963    0.208      118   28.048    3.211    3.214    0.336    0.114
 -73.910   40.860        6   17.417    0.917    3.948    0.137    0.053      133   28.910    1.960    3.080    0.202    0.068
 -73.910   40.870       16   11.219    0.412    4.451    0.265    0.037      126   27.937    2.522    3.136    0.283    0.090
