LONGITUD LATITUDE NUM_PICK FARE_PIC TIP_PICK FPD_PICK TPD_PICK TPF_PICK NUM_DROP FARE_DRO FARE_TIP FPD_DROP TPD_DROP TPF_DROP
 -74.050   40.680        0    0.000    0.000    0.000    0.000    0.000        0    0.000    0.000    0.000    0.000    0.000
 -74.050   40.690        0    0.000    0.000    0.000    0.000    0.000        0    0.000    0.000    0.000    0.000    0.000
 -74.050   40.700        0    0.000    0.000    0.000    0.000    0.000        0    0.000    0.000    0.000    0.000    0.000
 -74.050   40.710        4   62.500   11.422  703.583  217.304    0.183       89   48.725    8.882   42.625   11.174    0.182
 -74.050   40.720       18   41.900    5.184   63.697    5.814    0.124       87   47.569    7.741   17.685    2.436    0.163
 -74.050   40.730       11   34.409    9.883   77.467   72.879    0.287       43   45.837    8.648   26.692   20.061    0.189
 -74.050   40.740        2   50.875    0.000   73.944    0.000    0.000       17   54.985    6.631   19.744    1.479    0.121
 -74.050   40.750        2    6.850    0.750    7.000    0.938    0.109       13   44.838    4.623    8.480    1.133    0.103
 -74.050   40.760        0    0.000    0.000    0.000    0.000    0.000        0    0.000    0.000    0.000    0.000    0.000
 -74.050   40.770        1    5.000    1.000    7.812    1.562    0.200        6   46.742    6.077    6.709    1.015    0.130
 -74.050   40.780        2   13.250    3.360    4.296    1.006    0.254        7   48.859    9.279    8.222    1.478    0.190
 -74.050   40.790        0    0.000    0.000    0.000    0.000    0.000        0    0.000    0.000    0.000    0.000    0.000
 -74.050   40.800        0    0.000    0.000    0.000    0.000    0.000        0    0.000    0.000    0.000    0.000    0.000
 -74.050   40.810        0    0.000    0.000    0.000    0.000    0.000        0    0.000    0.000    0.000    0.000    0.000
 -74.050   40.820        0    0.000    0.000    0.000    0.000    0.000        0    0.000    0.000    0.000    0.000    0.000
 -74.050   40.830        0    0.000    0.000    0.000    0.000    0.000        0    0.000    0.000    0.000    0.000    0.000
 -74.050   40.840        0    0.000    0.000    0.000    0.000    0.000        0    0.000    0.000    0.000    0.000    0.000
 -74.050   40.850        0    0.000    0.000    0.000    0.000    0.000        0    0.000    0.000    0.000    0.000    0.000
 -74.050   40.860        0    0.000    0.000    0.000    0.000    0.000        0    0.000    0.000    0.000    0.000    0.000
 -74.050   40.870        0    0.000    0.000    0.000    0.000    0.000        0    0.000    0.000    0.000    0.000    0.000
 -74.040   40.680        0    0.000    0.000    0.000    0.000    0.000        0    0.000    0.000    0.000    0.000    0.000
 -74.040   40.690        0    0.000    0.000    0.000    0.000    0.000        0    0.000    0.000    0.000    0.000    0.000
 -74.040   40.700        0    0.000    0.000    0.000    0.000    0.000        0    0.000    0.000    0.000    0.000    0.000
 -74.040   40.710       25   45.420    4.676   70.482   12.071    0.103      169   45.510    6.921   19.341    3.316    0.152
 -74.040   40.720       10   51.300    4.470  166.045    4.527    0.087      200   51.631    5.455   16.378    1.368    0.106
 -74.040   40.730       20   53.188    4.031   75.542    3.599    0.076      144   47.431    8.475   22.093    2.118    0.179
 -74.040   40.740       24   40.042    8.818  101.339   14.528    0.220      212   46.209    7.162   21.407    3.026    0.155
 -74.040   40.750        7   46.000    5.567  123.804    4.871    0.121       62   47.573    7.301   23.655    2.058    0.153
 -74.040   40.760        2   12.750    4.180    4.288    1.218    0.328        7   38.929   11.687    8.235    2.417    0.300
 -74.040   40.770        2   62.500    3.000   12.382    0.625    0.048       10   52.650    7.957   74.346    1.835    0.151
 -74.040   40.780        0    0.000    0.000    0.000    0.000    0.000        0    0.000    0.000    0.000    0.000    0.000
 -74.040   40.790        0    0.000    0.000    0.000    0.000    0.000        0    0.000    0.000    0.000    0.000    0.000
 -74.040   40.800        0    0.000    0.000    0.000    0.000    0.000        0    0.000    0.000    0.000    0.000    0.000
 -74.040   40.810        0    0.000    0.000    0.000    0.000    0.000        0    0.000    0.000    0.000    0.000    0.000
 -74.040   40.820        0    0.000    0.000    0.000    0.000    0.000        0    0.000    0.000    0.000    0.000    0.000
 -74.040   40.830        0    0.000    0.000    0.000    0.000    0.000        0    0.000    0.000    0.000    0.000    0.000
 -74.040   40.840        0    0.000    0.000    0.000    0.000    0.000        0    0.000    0.000    0.000    0.000    0.000
 -74.040   40.850        0    0.000    0.000    0.000    0.000    0.000        0    0.000    0.000    0.000    0.000    0.000
 -74.040   40.860        0    0.000    0.000    0.000    0.000    0.000        0    0.000    0.000    0.000    0.000    0.000
 -74.040   40.870        1   55.000    0.000    4.400    0.000    0.000        2   27.500    0.000    2.200    0.000    0.000
 -74.030   40.680        0    0.000    0.000    0.000    0.000    0.000        0    0.000    0.000    0.000    0.000    0.000
 -74.030   40.690        1    9.500    0.000    3.975    0.000    0.000        1    8.000    1.700    5.031    1.069    0.212
 -74.030   40.700        1    6.500    1.000    4.643    0.714    0.154        4   10.500    0.690    4.880    0.454    0.066
 -74.030   40.710        0    0.000    0.000    0.000    0.000    0.000        0    0.000    0.000    0.000    0.000    0.000
 -74.030   40.720        0    0.000    0.000    0.000    0.000    0.000        0    0.000    0.000    0.000    0.000    0.000
 -74.030   40.730        5   42.476    6.400   22.250    4.415    0.151       31   46.093    7.346   12.113    2.111    0.159
 -74.030   40.740       13   40.577    7.594   61.578   12.515    0.187      101   45.961    7.763   17.197    3.251    0.169
 -74.030   40.750       15   39.113    5.705   85.211   27.744    0.146      133   44.876    9.171   25.098    6.070    0.204
 -74.030   40.760       19   48.388    7.506   96.289    9.847    0.155       61   37.702    5.277   11.127    1.660    0.140
 -74.030   40.770        7   22.800    2.443   24.602    1.744    0.107       17   37.841    6.444    9.229    1.722    0.170
 -74.030   40.780        1    7.000    5.000    4.667    3.333    0.714        4   56.500    6.588   37.520    1.748    0.117
 -74.030   40.790        0    0.000    0.000    0.000    0.000    0.000        0    0.000    0.000    0.000    0.000    0.000
 -74.030   40.800        0    0.000    0.000    0.000    0.000    0.000        0    0.000    0.000    0.000    0.000    0.000
 -74.030   40.810        0    0.000    0.000    0.000    0.000    0.000        0    0.000    0.000    0.000    0.000    0.000
 -74.030   40.820        0    0.000    0.000    0.000    0.000    0.000        0    0.000    0.000    0.000    0.000    0.000
 -74.030   40.830        0    0.000    0.000    0.000    0.000    0.000        0    0.000    0.000    0.000    0.000    0.000
 -74.030   40.840        0    0.000    0.000    0.000    0.000    0.000        0    0.000    0.000    0.000    0.000    0.000
 -74.030   40.850        0    0.000    0.000    0.000    0.000    0.000        0    0.000    0.000    0.000    0.000    0.000
 -74.030   40.860        0    0.000    0.000    0.000    0.000    0.000        0    0.000    0.000    0.000    0.000    0.000
 -74.030   40.870        0    0.000    0.000    0.000    0.000    0.000        0    0.000    0.000    0.000    0.000    0.000
 -74.020   40.680        0    0.000    0.000    0.000    0.000    0.000        0    0.000    0.000    0.000    0.000    0.000
 -74.020   40.690        1   13.000    1.000    3.779    0.291    0.077        1   19.500    0.000    3.679    0.000    0.000
 -74.020   40.700     7231   15.348    2.271    4.420    0.632    0.148    12020   12.955    1.850    4.498    0.649    0.143
 -74.020   40.710     8067   13.113    2.078    4.750    0.768    0.158     9633   11.819    1.703    4.730    0.687    0.144
 -74.020   40.720     1971   13.197    2.414    4.708    1.015    0.183     1474   10.818    1.662    5.060    0.806    0.154
 -74.020   40.730      137   12.921    1.681    4.873    0.734    0.130      199   10.632    1.420    5.822    1.881    0.134
 -74.020   40.740       14   11.857    2.459    4.654    0.941    0.207        6   10.750    1.525    5.635    0.644    0.142
 -74.020   40.750        4   10.375    0.750    4.826    0.160    0.072        3    9.167    1.833    5.444    1.148    0.200
 -74.020   40.760        3    3.333    0.337    4.167    0.421    0.101       13   42.423    2.709    9.385    0.655    0.064
 -74.020   40.770        4   17.125    3.013    4.696    0.615    0.176       26   47.521    9.756    9.011    1.744    0.205
 -74.020   40.780        0    0.000    0.000    0.000    0.000    0.000        0    0.000    0.000    0.000    0.000    0.000
 -74.020   40.790        3   22.333    0.400   18.548    0.323    0.018        5   40.000    0.000   13.973    0.000    0.000
 -74.020   40.800        1   60.000    7.000    7.229    0.843    0.117        6   48.333    5.133    6.378    0.745    0.106
 -74.020   40.810        1    5.000    0.000    5.000    0.000    0.000        1    6.000    0.000    5.660    0.000    0.000
 -74.020   40.820        0    0.000    0.000    0.000    0.000    0.000        0    0.000    0.000    0.000    0.000    0.000
 -74.020   40.830        0    0.000    0.000    0.000    0.000    0.000        0    0.000    0.000    0.000    0.000    0.000
 -74.020   40.840        0    0.000    0.000    0.000    0.000    0.000        0    0.000    0.000    0.000    0.000    0.000
 -74.020   40.850        0    0.000    0.000    0.000    0.000    0.000        0    0.000    0.000    0.000    0.000    0.000
 -74.020   40.860        0    0.000    0.000    0.000    0.000    0.000        0    0.000    0.000    0.000    0.000    0.000
 -74.020   40.870        0    0.000    0.000    0.000    0.000    0.000        0    0.000    0.000    0.000    0.000    0.000
 -74.010   40.680       73   13.103    1.835    4.358    0.597    0.140      837   18.214    3.069    3.801    0.624    0.168
 -74.010   40.690        3   18.833    2.920    3.406    0.457    0.155       19   15.395    2.087    4.360    0.680    0.136
 -74.010   40.700    10169   14.193    2.156    4.660    0.669    0.152    13049   12.821    2.036    4.608    0.712    0.159
 -74.010   40.710    17301   11.861    1.695    5.057    0.739    0.143    15083   10.295    1.523    5.179    0.767    0.148
 -74.010   40.720    31431   11.113    1.641    5.424    0.809    0.148    21805    9.247    1.308    6.019    0.879    0.141
 -74.010   40.730    49739   10.672    1.545    5.504    0.815    0.145    40761    8.798    1.339    5.752    0.886    0.152
 -74.010   40.740    35535   10.739    1.469    5.410    0.771    0.137    30743    8.923    1.199    5.701    0.814    0.134
 -74.010   40.750     5509   11.017    1.590    4.941    0.674    0.144     6670    8.681    1.180    5.460    0.735    0.136
 -74.010   40.760      918   11.092    1.440    5.171    0.637    0.130     2542    9.627    1.233    5.369    0.667    0.128
 -74.010   40.770        4   27.750    5.305    6.707    1.292    0.191        7   26.143    6.071    7.081    1.704    0.232
 -74.010   40.780        8   42.438    5.925   65.640    8.591    0.140       41   52.370    8.928   20.438    3.115    0.170
 -74.010   40.790        3   13.667    0.000    4.743    0.000    0.000       16   44.656    5.611    7.196    0.837    0.126
 -74.010   40.800        2    3.000    0.000    2.830    0.000    0.000        4   32.125    2.750    4.021    0.322    0.086
 -74.010   40.810        0    0.000    0.000    0.000    0.000    0.000        0    0.000    0.000    0.000    0.000    0.000
 -74.010   40.820        0    0.000    0.000    0.000    0.000    0.000        0    0.000    0.000    0.000    0.000    0.000
 -74.010   40.830        0    0.000    0.000    0.000    0.000    0.000        0    0.000    0.000    0.000    0.000    0.000
 -74.010   40.840        0    0.000    0.000    0.000    0.000    0.000        0    0.000    0.000    0.000    0.000    0.000
 -74.010   40.850        0    0.000    0.000    0.000    0.000    0.000        0    0.000    0.000    0.000    0.000    0.000
 -74.010   40.860        1   10.000    2.000    4.348    0.870    0.200        1   11.000    0.000    3.235    0.000    0.000
 -74.010   40.870        0    0.000    0.000    0.000    0.000    0.000        0    0.000    0.000    0.000    0.000    0.000
 -74.000   40.680     1257   13.219    1.920    4.727    0.662    0.145     4184   17.849    3.019    3.845    0.632    0.169
 -74.000   40.690     1121   13.420    1.856    4.680    0.652    0.138     5401   16.129    2.609    3.889    0.619    0.162
 -74.000   40.700      224   14.395    1.979    4.584    0.677    0.137      735   14.896    2.184    4.029    0.570    0.147
 -74.000   40.710    13999   11.460    1.565    5.430    0.753    0.137    12875   10.165    1.386    5.803    0.826    0.136
 -74.000   40.720    54129   10.752    1.567    5.500    0.825    0.146    33052    9.266    1.372    6.252    0.921    0.148
 -74.000   40.730    40428    9.883    1.425    5.681    0.822    0.144    31068    8.286    1.221    5.935    0.873    0.147
 -74.000   40.740    46139    9.941    1.403    5.431    0.757    0.141    39335    8.101    1.145    5.840    0.814    0.141
 -74.000   40.750    45166   10.498    1.354    5.629    0.699    0.129    43527    8.448    1.000    6.209    0.730    0.118
 -74.000   40.760    17049   10.585    1.428    5.472    0.678    0.135    20580    9.092    1.263    5.802    0.777    0.139
 -74.000   40.770     1130   12.204    1.695    4.982    0.677    0.139     2106    9.851    1.446    5.245    0.819    0.147
 -74.000   40.780        1    4.000    0.900    7.407    1.667    0.225        6   24.167    5.497    5.796    1.889    0.227
 -74.000   40.790        0    0.000    0.000    0.000    0.000    0.000        0    0.000    0.000    0.000    0.000    0.000
 -74.000   40.800        2   29.500    0.000   10.920    0.000    0.000       12   46.772    7.072    7.559    0.979    0.151
 -74.000   40.810        0    0.000    0.000    0.000    0.000    0.000        0    0.000    0.000    0.000    0.000    0.000
 -74.000   40.820        0    0.000    0.000    0.000    0.000    0.000        0    0.000    0.000    0.000    0.000    0.000
 -74.000   40.830        2   80.000    6.000   12.698    0.952    0.075        2   80.000    6.000   12.698    0.952    0.075
 -74.000   40.840        0    0.000    0.000    0.000    0.000    0.000        0    0.000    0.000    0.000    0.000    0.000
 -74.000   40.850        0    0.000    0.000    0.000    0.000    0.000        0    0.000    0.000    0.000    0.000    0.000
 -74.000   40.860        0    0.000    0.000    0.000    0.000    0.000        0    0.000    0.000    0.000    0.000    0.000
 -74.000   40.870        0    0.000    0.000    0.000    0.000    0.000        0    0.000    0.000    0.000    0.000    0.000
 -73.990   40.680      933   12.192    1.486    5.018    0.574    0.122     2460   16.799    2.767    4.141    0.638    0.165
 -73.990   40.690     1584   12.699    1.607    4.581    0.577    0.127     3173   15.148    2.202    4.133    0.593    0.145
 -73.990   40.700      392   13.201    1.756    4.324    0.598    0.133     1641   14.559    2.304    3.960    0.629    0.158
 -73.990   40.710     9280   11.763    1.673    5.382    0.749    0.142    10423   11.221    1.558    5.657    0.785    0.139
 -73.990   40.720    53401   11.041    1.605    5.684    0.819    0.145    47132    9.696    1.471    5.992    0.910    0.152
 -73.990   40.730    56069    9.753    1.428    5.803    0.853    0.146    47394    8.376    1.286    5.907    0.907    0.154
 -73.990   40.740    64519    9.791    1.419    5.620    0.786    0.145    47482    8.098    1.134    5.934    0.828    0.140
 -73.990   40.750    65963    9.843    1.260    5.905    0.661    0.128    34134    8.447    0.915    6.923    0.683    0.108
 -73.990   40.760    69287   10.283    1.413    5.532    0.714    0.137    44716    8.925    1.118    6.026    0.735    0.125
 -73.990   40.770    33485   10.044    1.203    5.077    0.594    0.120    24357    9.546    1.335    5.233    0.723    0.140
 -73.990   40.780     5077   10.588    1.304    5.644    0.668    0.123     7982   10.312    1.381    5.026    0.644    0.134
 -73.990   40.790        4   11.500    0.815    4.946    0.948    0.071       21   10.619    1.532    4.471    0.583    0.144
 -73.990   40.800        0    0.000    0.000    0.000    0.000    0.000        0    0.000    0.000    0.000    0.000    0.000
 -73.990   40.810        0    0.000    0.000    0.000    0.000    0.000        0    0.000    0.000    0.000    0.000    0.000
 -73.990   40.820        0    0.000    0.000    0.000    0.000    0.000        0    0.000    0.000    0.000    0.000    0.000
 -73.990   40.830        2   36.250    0.000    3.266    0.000    0.000        4   30.625    3.103    2.429    0.197    0.101
 -73.990   40.840        2   32.500    0.000   57.018    0.000    0.000        6   51.833    1.918    4.279    0.157    0.037
 -73.990   40.850        3   21.667    3.333    1.476    0.184    0.154        6   32.500   13.118    2.818    1.204    0.404
 -73.990   40.860        0    0.000    0.000    0.000    0.000    0.000        0    0.000    0.000    0.000    0.000    0.000
 -73.990   40.870        0    0.000    0.000    0.000    0.000    0.000        0    0.000    0.000    0.000    0.000    0.000
 -73.980   40.680     2247   13.555    1.711    4.904    0.625    0.126     3317   16.702    2.725    4.287    0.674    0.163
 -73.980   40.690      187   11.217    1.099    4.936    0.466    0.098     1334   14.077    2.142    4.290    0.633    0.152
 -73.980   40.700        1    9.500    2.000    3.405    0.717    0.211        4    7.175    1.170    6.025    1.128    0.163
 -73.980   40.710      253   12.177    1.599    5.202    0.698    0.131     1801   11.056    1.218    4.705    0.523    0.110
 -73.980   40.720     5286   10.801    1.543    5.918    0.802    0.143    10215    9.563    1.385    5.752    0.806    0.145
 -73.980   40.730     5212    9.664    1.296    5.383    0.749    0.134    13069    9.026    1.372    5.258    0.817    0.152
 -73.980   40.740    30014    9.370    1.350    5.639    0.828    0.144    40213    8.261    1.257    5.864    0.915    0.152
 -73.980   40.750    66699    9.660    1.493    5.382    0.787    0.155    47019    8.240    0.937    6.148    0.665    0.114
 -73.980   40.760    41252    9.647    1.357    5.466    0.720    0.141    23892    8.485    0.892    6.074    0.613    0.105
 -73.980   40.770     6579   10.062    1.332    5.083    0.662    0.132     8952    9.644    1.426    5.015    0.722    0.148
 -73.980   40.780    20572   10.097    1.321    4.992    0.663    0.131    23453   10.280    1.465    4.840    0.670    0.142
 -73.980   40.790     8177   10.625    1.222    5.123    0.602    0.115    13374   11.350    1.588    4.740    0.634    0.140
 -73.980   40.800       16   13.969    2.209    4.613    0.982    0.158      331   11.816    1.647    4.424    0.614    0.139
 -73.980   40.810        0    0.000    0.000    0.000    0.000    0.000        0    0.000    0.000    0.000    0.000    0.000
 -73.980   40.820        3   57.500    5.667   25.962    1.157    0.099       13   56.808    6.391    9.703    0.748    0.112
 -73.980   40.830        2   63.775    1.500    5.644    0.133    0.024        5   74.510    3.950    6.494    0.395    0.053
 -73.980   40.840        0    0.000    0.000    0.000    0.000    0.000        0    0.000    0.000    0.000    0.000    0.000
 -73.980   40.850        0    0.000    0.000    0.000    0.000    0.000        0    0.000    0.000    0.000    0.000    0.000
 -73.980   40.860        0    0.000    0.000    0.000    0.000    0.000        0    0.000    0.000    0.000    0.000    0.000
 -73.980   40.870        0    0.000    0.000    0.000    0.000    0.000        0    0.000    0.000    0.000    0.000    0.000
 -73.970   40.680      611   10.928    1.647    5.035    0.709    0.151     2658   17.735    2.897    4.041    0.643    0.163
 -73.970   40.690      366   11.168    1.247    4.688    0.577    0.112     1942   15.352    2.387    4.090    0.626    0.155
 -73.970   40.700      228   10.735    1.224    5.754    0.518    0.114     1058   13.096    1.646    4.702    0.562    0.126
 -73.970   40.710     2466   11.560    1.659    5.182    0.736    0.144     6002   14.699    2.294    4.545    0.692    0.156
 -73.970   40.720       47   11.830    1.726    5.283    0.928    0.146      379   17.380    2.776    4.100    0.666    0.160
 -73.970   40.730        4   13.375    0.490    3.960    0.217    0.037        4   12.500    0.000    4.346    0.000    0.000
 -73.970   40.740      218   10.610    1.423    4.753    0.635    0.134      198   10.351    1.414    5.136    0.628    0.137
 -73.970   40.750    26250    9.699    1.312    5.385    0.681    0.135    26372    8.912    1.192    5.981    0.745    0.134
 -73.970   40.760    29777    9.394    1.195    5.231    0.657    0.127    30263    8.776    1.144    5.490    0.698    0.130
 -73.970   40.770    10894    9.457    1.096    5.765    0.605    0.116    11244    8.800    1.059    5.876    0.625    0.120
 -73.970   40.780     1884    9.466    1.085    6.228    0.568    0.115     3610   10.149    1.376    4.836    0.632    0.136
 -73.970   40.790     6084   10.113    1.118    4.960    0.550    0.111    11443   11.250    1.533    4.565    0.591    0.136
 -73.970   40.800     5829   11.330    1.378    5.225    0.613    0.122     9020   12.020    1.657    4.595    0.598    0.138
 -73.970   40.810      515   10.420    1.357    5.057    0.693    0.130      902   13.700    1.805    4.312    0.583    0.132
 -73.970   40.820        0    0.000    0.000    0.000    0.000    0.000        0    0.000    0.000    0.000    0.000    0.000
 -73.970   40.830        1   45.000    9.000    6.966    1.393    0.200        3   70.997   14.320    6.793    1.320    0.202
 -73.970   40.840        1   17.000    2.000    3.462    0.407    0.118        4   52.625    0.775    6.509    0.259    0.015
 -73.970   40.850        2   42.500    7.500   18.436    3.409    0.176       12   43.667    7.759    7.482    1.268    0.178
 -73.970   40.860        1   80.000    0.000  200.000    0.000    0.000        6   63.917    4.942   37.964    0.483    0.077
 -73.970   40.870        0    0.000    0.000    0.000    0.000    0.000        0    0.000    0.000    0.000    0.000    0.000
 -73.960   40.680      417    9.865    1.254    5.036    0.598    0.127     2031   17.935    2.745    4.054    0.612    0.153
 -73.960   40.690      328    8.389    0.870    5.545    0.438    0.104     1291   16.348    2.204    4.162    0.537    0.135
 -73.960   40.700      607    9.539    1.208    5.744    0.647    0.127     1525   13.834    1.904    5.519    0.925    0.138
 -73.960   40.710     4612   10.585    1.588    5.317    0.795    0.150     6594   14.747    2.371    4.496    0.706    0.161
 -73.960   40.720     1394   12.275    1.891    5.083    0.806    0.154     3990   15.316    2.436    4.452    0.707    0.159
 -73.960   40.730      460   10.968    1.502    4.878    0.642    0.137     2565   15.392    2.642    3.998    0.679    0.172
 -73.960   40.740      983   14.386    1.990   10.809    2.192    0.138     4447   14.380    2.777    5.305    1.123    0.193
 -73.960   40.750      342   10.563    1.398    4.968    0.643    0.132      526   12.582    1.809    4.757    0.623    0.144
 -73.960   40.760    14337   10.129    1.254    5.218    0.671    0.124    22036    9.852    1.386    5.114    0.713    0.141
 -73.960   40.770    35931    9.662    1.244    5.142    0.673    0.129    43336   10.266    1.487    4.825    0.680    0.145
 -73.960   40.780    10794    9.921    1.211    5.017    0.612    0.122    21063   10.511    1.443    4.614    0.625    0.137
 -73.960   40.790      909   10.564    1.082    4.771    0.453    0.102     2108   11.409    1.437    4.578    0.545    0.126
 -73.960   40.800     2120   10.418    1.214    6.233    0.835    0.117     6592   13.334    1.851    4.675    0.638    0.139
 -73.960   40.810     1764   10.184    1.165    5.755    0.716    0.114     2974   14.170    1.794    4.648    0.532    0.127
 -73.960   40.820      891   12.267    1.260    5.286    0.472    0.103     2097   16.516    2.059    4.041    0.457    0.125
 -73.960   40.830        2   17.250    1.875    3.026    0.323    0.109        7   21.429    1.780    3.214    0.290    0.083
 -73.960   40.840        0    0.000    0.000    0.000    0.000    0.000        0    0.000    0.000    0.000    0.000    0.000
 -73.960   40.850        1    0.000    0.000    0.000    0.000    0.000        2   15.750    0.000    3.560    0.000    0.000
 -73.960   40.860        0    0.000    0.000    0.000    0.000    0.000        0    0.000    0.000    0.000    0.000    0.000
 -73.960   40.870        0    0.000    0.000    0.000    0.000    0.000        0    0.000    0.000    0.000    0.000    0.000
 -73.950   40.680      110   10.161    1.210    6.014    0.610    0.119     1042   18.761    2.754    3.976    0.566    0.147
 -73.950   40.690      109    9.784    1.114    6.011    0.605    0.114      959   16.528    2.028    4.285    0.550    0.123
 -73.950   40.700      328   10.123    1.421    5.194    0.823    0.140     1848   15.613    2.352    4.317    0.650    0.151
 -73.950   40.710     1477    9.988    1.518    7.376    0.788    0.152     3815   14.985    2.541    5.119    0.707    0.170
 -73.950   40.720      501   10.303    1.491    5.307    0.736    0.145     2812   14.743    2.471    4.214    0.685    0.168
 -73.950   40.730       40   21.300    2.150    7.227    0.742    0.101       51   12.490    0.751    4.535    0.312    0.060
 -73.950   40.740      548   12.392    1.720    5.442    0.754    0.139     1372   14.034    2.391    4.169    0.703    0.170
 -73.950   40.750      674   11.485    1.082    5.217    0.419    0.094      722   12.631    1.145    5.200    0.369    0.091
 -73.950   40.760      106   14.844    1.343   20.676    0.357    0.090     1070   16.103    2.317    3.963    0.560    0.144
 -73.950   40.770     6505   10.740    1.319    5.306    0.648    0.123    17291   11.231    1.561    4.725    0.656    0.139
 -73.950   40.780     5883   10.846    1.295    4.976    0.605    0.119    13001   11.214    1.549    4.500    0.609    0.138
 -73.950   40.790     2215   10.819    0.839    5.083    0.369    0.078     5465   11.435    1.168    4.402    0.399    0.102
 -73.950   40.800     1185   10.506    1.028    5.219    0.431    0.098     4060   13.981    1.799    4.145    0.499    0.129
 -73.950   40.810      530    9.789    0.778    5.587    0.385    0.079     2798   16.181    1.946    4.266    0.449    0.120
 -73.950   40.820      659   11.525    1.164    8.360    1.070    0.101     3459   17.790    2.184    4.091    0.524    0.123
 -73.950   40.830      584   13.269    1.338    5.059    0.432    0.101     2632   19.626    2.515    4.166    0.532    0.128
 -73.950   40.840       95   14.553    1.565    4.693    0.348    0.108      906   22.772    3.096    3.832    0.420    0.136
 -73.950   40.850       33   16.742    2.344    6.814    1.161    0.140      309   24.453    3.386    3.217    0.421    0.138
 -73.950   40.860        1   31.500    0.000    4.038    0.000    0.000        1   31.500    0.000    4.038    0.000    0.000
 -73.950   40.870        0    0.000    0.000    0.000    0.000    0.000        0    0.000    0.000    0.000    0.000    0.000
 -73.940   40.680       58    9.500    1.239    5.350    0.529    0.130      720   20.566    2.785    3.982    0.524    0.135
 -73.940   40.690      384   10.238    1.307    5.185    0.642    0.128     1380   17.739    2.313    4.252    0.540    0.130
 -73.940   40.700      450   10.615    1.562    5.200    0.679    0.147      938   16.715    2.433    4.397    0.578    0.146
 -73.940   40.710       97   10.263    1.455    4.787    0.732    0.142      484   15.746    2.520    4.197    0.651    0.160
 -73.940   40.720       57   12.793    1.786    4.823    0.705    0.140      330   13.191    1.951    4.492    0.691    0.148
 -73.940   40.730       54   27.281    4.355   10.936    1.734    0.160       99   14.351    1.238    6.965    0.749    0.086
 -73.940   40.740      467   10.776    1.282    5.158    0.590    0.119      225   12.436    1.377    4.541    0.423    0.111
 -73.940   40.750      738   11.020    1.271    6.032    0.496    0.115     1506   14.516    1.953    4.977    0.547    0.135
 -73.940   40.760      271   11.021    0.951    4.874    0.378    0.086     1219   15.148    2.235    4.148    0.539    0.148
 -73.940   40.770       10    9.230    1.335    4.683    0.627    0.145      213   13.561    1.373    4.322    0.385    0.101
 -73.940   40.780       14   17.357    1.719   19.528    3.482    0.099       78   10.846    0.747    7.135    0.831    0.069
 -73.940   40.790      927   10.024    0.748    5.031    0.331    0.075     3536   12.333    1.220    4.026    0.360    0.099
 -73.940   40.800      794    9.392    0.724    5.173    0.344    0.077     2374   11.941    1.182    4.096    0.358    0.099
 -73.940   40.810      241   11.360    1.164    5.839    0.632    0.102     1558   16.384    1.982    3.933    0.422    0.121
 -73.940   40.820      114    9.377    1.044    5.652    0.849    0.111      799   17.743    1.704    3.880    0.366    0.096
 -73.940   40.830       17   14.618    1.079    4.396    0.351    0.074      355   19.779    2.126    3.605    0.354    0.107
 -73.940   40.840      301   12.922    1.207    6.921    0.494    0.093     1610   22.012    2.484    3.572    0.368    0.113
 -73.940   40.850      263   12.449    1.352    5.113    0.485    0.109     2869   24.214    3.323    3.398    0.439    0.137
 -73.940   40.860       12    9.667    0.483    5.271    0.180    0.050      110   25.720    2.634    3.139    0.342    0.102
 -73.940   40.870        0    0.000    0.000    0.000    0.000    0.000        0    0.000    0.000    0.000    0.000    0.000
 -73.930   40.680       43   13.465    1.065    5.646    0.388    0.079      512   20.958    2.530    4.033    0.464    0.121
 -73.930   40.690      140   10.904    1.369    5.091    0.652    0.126     1007   19.333    2.737    4.023    0.563    0.142
 -73.930   40.700      216   11.369    1.727    5.217    0.646    0.152     1178   18.392    2.996    4.084    0.682    0.163
 -73.930   40.710        6   12.000    0.917    4.660    0.336    0.076        4   10.250    0.955    4.293    0.252    0.093
 -73.930   40.720        8   26.375    3.596    6.117    0.582    0.136        6   16.917    1.670    3.660    0.227    0.099
 -73.930   40.730       54   29.078    4.346    7.653    1.071    0.149      530   16.373    1.985    4.039    0.459    0.121
 -73.930   40.740      584   11.812    1.154    4.878    0.430    0.098     1786   16.050    2.048    3.874    0.467    0.128
 -73.930   40.750      532    9.852    1.074    5.286    0.486    0.109     1777   15.092    2.058    4.155    0.514    0.136
 -73.930   40.760     1090   10.609    1.277    5.201    0.597    0.120     4253   17.473    2.556    3.908    0.550    0.146
 -73.930   40.770      239   14.008    1.658    4.994    0.519    0.118     1536   17.812    2.506    3.884    0.524    0.141
 -73.930   40.780       13   46.422    5.033    8.866    0.919    0.108        2   11.500    0.880    4.226    0.587    0.077
 -73.930   40.790       39   29.205    5.204   12.159    1.682    0.178       40   14.443    0.768   11.856    0.276    0.053
 -73.930   40.800      105   10.264    0.578    5.274    0.197    0.056      409   15.478    0.739    3.734    0.160    0.048
 -73.930   40.810       84    9.571    0.751    5.761    0.318    0.078      425   15.865    0.954    3.946    0.189    0.060
 -73.930   40.820       35   12.643    0.771    4.744    0.247    0.061      325   21.295    1.406    3.484    0.211    0.066
 -73.930   40.830       15   11.233    1.253    4.852    0.349    0.112      263   20.592    1.147    3.434    0.194    0.056
 -73.930   40.840        3    9.333    0.000    4.284    0.000    0.000      133   22.648    1.623    3.383    0.197    0.072
 -73.930   40.850        9   13.167    1.617    7.867    0.489    0.123      433   24.149    2.854    3.335    0.348    0.118
 -73.930   40.860      143   13.089    0.980    5.425    0.355    0.075     1504   26.040    3.248    3.185    0.375    0.125
 -73.930   40.870        0    0.000    0.000    0.000    0.000    0.000        0    0.000    0.000    0.000    0.000    0.000
 -73.920   40.680       36   13.431    1.021    4.505    0.366    0.076      404   21.556    2.718    3.913    0.480    0.126
 -73.920   40.690       53   11.179    1.383    4.986    0.674    0.124      395   21.423    2.796    4.021    0.513    0.131
 -73.920   40.700       25   14.760    2.014    4.971    0.721    0.136      500   20.677    2.908    3.883    0.554    0.141
 -73.920   40.710       12   12.958    2.276    4.606    0.635    0.176       71   16.803    1.739    4.100    0.439    0.104
 -73.920   40.720        3   22.833    3.823    5.589    0.617    0.167       25   20.340    1.062    3.622    0.175    0.052
 -73.920   40.730       10   39.150    3.651    7.864    0.801    0.093      122   17.057    1.831    3.964    0.423    0.107
 -73.920   40.740      355   11.644    1.027    6.094    0.401    0.088     1784   17.198    2.171    4.112    0.460    0.126
 -73.920   40.750      257    9.570    0.913    5.480    0.520    0.095     1534   16.250    2.190    3.957    0.487    0.135
 -73.920   40.760      587   10.512    1.199    5.529    0.582    0.114     3244   17.749    2.508    3.966    0.522    0.141
 -73.920   40.770      354   12.262    1.580    5.156    0.675    0.129     1873   19.594    2.819    3.825    0.542    0.144
 -73.920   40.780       24    8.562    1.081    5.071    0.609    0.126      404   19.737    2.700    3.845    0.513    0.137
 -73.920   40.790        9   20.444    3.329   29.310    1.019    0.163        5   15.500    0.532    3.946    0.180    0.034
 -73.920   40.800       13    6.308    0.185    5.453    0.072    0.029      238   16.571    0.746    3.662    0.130    0.045
 -73.920   40.810       29   11.379    0.850    4.707    0.180    0.075      291   16.591    0.951    3.835    0.196    0.057
 -73.920   40.820       26   10.288    0.550    5.500    0.418    0.053      228   20.559    1.451    3.603    0.261    0.071
 -73.920   40.830       19    9.368    0.795    4.484    0.084    0.085      229   21.806    0.962    3.402    0.150    0.044
 -73.920   40.840       12    9.542    0.138    4.559    0.125    0.014      231   23.009    1.051    3.267    0.137    0.046
 -73.920   40.850        4   15.750    0.440   32.272    0.251    0.028       73   24.825    1.078    4.717    0.121    0.043
 -73.920   40.860       17   11.235    1.221    7.328    0.826    0.109      238   25.832    2.463    3.255    0.279    0.095
 -73.920   40.870       15   11.500    1.025    5.137    0.296    0.089      561   27.795    4.089    3.116    0.436    0.147
 -73.910   40.680        8   18.562    1.728   15.797    0.554    0.093      122   24.627    3.456    4.577    0.524    0.140
 -73.910   40.690       13   14.846    1.631    3.971    0.533    0.110      224   23.813    3.003    3.812    0.511    0.126
 -73.910   40.700        9   18.111    1.812    4.306    0.482    0.100      291   22.455    2.754    3.623    0.427    0.123
 -73.910   40.710        7   10.500    0.143    5.862    0.046    0.014      166   19.873    1.976    3.586    0.325    0.099
 -73.910   40.720       13   33.154    5.182    5.686    0.739    0.156      175   19.810    2.062    3.450    0.396    0.104
 -73.910   40.730        7   43.286    5.029    5.232    0.793    0.116      177   17.585    2.890    3.758    0.554    0.164
 -73.910   40.740      101   12.406    0.803    5.305    0.342    0.065      842   17.981    1.885    3.901    0.376    0.105
 -73.910   40.750       59   12.140    1.140    4.901    0.387    0.094      592   17.110    1.816    3.759    0.401    0.106
 -73.910   40.760       73   16.473    1.788    5.219    0.757    0.109      854   18.017    2.218    3.857    0.444    0.123
 -73.910   40.770      109   11.714    1.522   11.124    0.570    0.130     1300   21.060    3.123    3.736    0.538    0.148
 -73.910   40.780        0    0.000    0.000    0.000    0.000    0.000        0    0.000    0.000    0.000    0.000    0.000
 -73.910   40.790        0    0.000    0.000    0.000    0.000    0.000        0    0.000    0.000    0.000    0.000    0.000
 -73.910   40.800        1   15.500    0.000    3.039    0.000    0.000        8   20.188    1.323    3.343    0.173    0.066
 -73.910   40.810        6   14.000    0.000    4.268    0.000    0.000      191   19.599    0.813    3.479    0.141    0.041
 -73.910   40.820        7   10.357    0.266    4.692    0.195    0.026      109   22.073    1.028    3.636    0.195    0.047
 -73.910   40.830        5   19.600    0.240    4.268    0.235    0.012       91   24.502    0.929    3.467    0.127    0.038
 -73.910   40.840        6   18.750    0.810 1004.491    0.109    0.043      123   25.211    1.107   52.024    0.130    0.044
 -73.910   40.850        7   10.929    0.000    4.827    0.000    0.000      141   29.218    2.093    3.108    0.196    0.072
 -73.910   40.860        6    7.167    0.283    5.284    0.158    0.040      151   26.728    2.120    3.121    0.252    0.079
 -73.910   40.870       13    8.346    0.727    6.958    0.198    0.087      173   28.962    2.633    3.470    0.298    0.091
