LONGITUD LATITUDE NUM_PICK FARE_PIC TIP_PICK FPD_PICK TPD_PICK TPF_PICK NUM_DROP FARE_DRO FARE_TIP FPD_DROP TPD_DROP TPF_DROP
 -74.050   40.680        0    0.000    0.000    0.000    0.000    0.000        0    0.000    0.000    0.000    0.000    0.000
 -74.050   40.690        0    0.000    0.000    0.000    0.000    0.000        0    0.000    0.000    0.000    0.000    0.000
 -74.050   40.700        1    8.500    1.800    4.229    0.896    0.212        1   43.000    5.000    7.963    0.926    0.116
 -74.050   40.710       10   27.550   16.920   59.711   24.948    0.614       64   46.202    7.640   17.461    1.452    0.165
 -74.050   40.720        9   46.973    4.222   56.326    2.160    0.090       65   46.416    8.627   20.100    2.390    0.186
 -74.050   40.730        4   40.312    7.290   72.651   12.088    0.181       40   41.988    5.157   11.366    1.464    0.123
 -74.050   40.740        3   41.337    4.333   15.822    1.194    0.105       23   43.305    5.833    8.956    1.147    0.135
 -74.050   40.750        2   33.250    0.000    6.613    0.000    0.000       20   53.425    3.586    8.546    0.760    0.067
 -74.050   40.760        2   90.000    9.175   94.986   15.041    0.102        6   45.002    4.442   15.144    0.865    0.099
 -74.050   40.770        1  110.000   24.860  114.583   25.896    0.226        6   62.333    9.835   46.964    9.892    0.158
 -74.050   40.780        2   97.500    9.000    7.673    0.698    0.092        9   66.722    7.941    8.190    0.921    0.119
 -74.050   40.790        1   79.700   16.000  398.500   80.000    0.201        1   79.700   16.000  398.500   80.000    0.201
 -74.050   40.800        0    0.000    0.000    0.000    0.000    0.000        0    0.000    0.000    0.000    0.000    0.000
 -74.050   40.810        0    0.000    0.000    0.000    0.000    0.000        0    0.000    0.000    0.000    0.000    0.000
 -74.050   40.820        0    0.000    0.000    0.000    0.000    0.000        0    0.000    0.000    0.000    0.000    0.000
 -74.050   40.830        0    0.000    0.000    0.000    0.000    0.000        0    0.000    0.000    0.000    0.000    0.000
 -74.050   40.840        0    0.000    0.000    0.000    0.000    0.000        0    0.000    0.000    0.000    0.000    0.000
 -74.050   40.850        0    0.000    0.000    0.000    0.000    0.000        0    0.000    0.000    0.000    0.000    0.000
 -74.050   40.860        0    0.000    0.000    0.000    0.000    0.000        0    0.000    0.000    0.000    0.000    0.000
 -74.050   40.870        0    0.000    0.000    0.000    0.000    0.000        0    0.000    0.000    0.000    0.000    0.000
 -74.040   40.680        0    0.000    0.000    0.000    0.000    0.000        0    0.000    0.000    0.000    0.000    0.000
 -74.040   40.690        0    0.000    0.000    0.000    0.000    0.000        0    0.000    0.000    0.000    0.000    0.000
 -74.040   40.700        0    0.000    0.000    0.000    0.000    0.000        0    0.000    0.000    0.000    0.000    0.000
 -74.040   40.710       11   37.045    7.555  214.436   33.488    0.204       66   47.146    7.582   44.370   10.167    0.161
 -74.040   40.720       23   41.574    3.155   20.449    1.590    0.076      151   47.799    5.332   11.910    1.287    0.112
 -74.040   40.730       20   42.275    7.122  157.053   17.640    0.168      104   44.621    7.275   38.124    4.633    0.163
 -74.040   40.740       27   36.731    8.065   51.604   10.716    0.220      147   44.333    7.433   17.158    3.199    0.168
 -74.040   40.750        7   44.857    6.476  107.827   23.718    0.144       52   38.899    7.652   21.796    4.669    0.197
 -74.040   40.760        2   52.000    0.000    5.927    0.000    0.000        8   49.375    4.456    8.479    0.857    0.090
 -74.040   40.770        1   59.000    0.000  196.667    0.000    0.000        5   43.000    3.200   44.721    0.474    0.074
 -74.040   40.780        0    0.000    0.000    0.000    0.000    0.000        0    0.000    0.000    0.000    0.000    0.000
 -74.040   40.790        0    0.000    0.000    0.000    0.000    0.000        0    0.000    0.000    0.000    0.000    0.000
 -74.040   40.800        0    0.000    0.000    0.000    0.000    0.000        0    0.000    0.000    0.000    0.000    0.000
 -74.040   40.810        0    0.000    0.000    0.000    0.000    0.000        0    0.000    0.000    0.000    0.000    0.000
 -74.040   40.820        0    0.000    0.000    0.000    0.000    0.000        0    0.000    0.000    0.000    0.000    0.000
 -74.040   40.830        0    0.000    0.000    0.000    0.000    0.000        0    0.000    0.000    0.000    0.000    0.000
 -74.040   40.840        0    0.000    0.000    0.000    0.000    0.000        0    0.000    0.000    0.000    0.000    0.000
 -74.040   40.850        0    0.000    0.000    0.000    0.000    0.000        0    0.000    0.000    0.000    0.000    0.000
 -74.040   40.860        0    0.000    0.000    0.000    0.000    0.000        0    0.000    0.000    0.000    0.000    0.000
 -74.040   40.870        0    0.000    0.000    0.000    0.000    0.000        0    0.000    0.000    0.000    0.000    0.000
 -74.030   40.680        0    0.000    0.000    0.000    0.000    0.000        0    0.000    0.000    0.000    0.000    0.000
 -74.030   40.690        0    0.000    0.000    0.000    0.000    0.000        0    0.000    0.000    0.000    0.000    0.000
 -74.030   40.700        0    0.000    0.000    0.000    0.000    0.000        0    0.000    0.000    0.000    0.000    0.000
 -74.030   40.710        0    0.000    0.000    0.000    0.000    0.000        0    0.000    0.000    0.000    0.000    0.000
 -74.030   40.720        0    0.000    0.000    0.000    0.000    0.000        0    0.000    0.000    0.000    0.000    0.000
 -74.030   40.730        7   37.221    3.936   16.953    1.900    0.106       34   44.826    5.846   10.999    1.448    0.130
 -74.030   40.740        9   42.778    6.556  115.627   20.387    0.153       53   46.169    9.200   28.259    5.119    0.199
 -74.030   40.750       10   35.551    3.416   48.505    7.908    0.096      110   46.311    5.631   16.448    2.425    0.122
 -74.030   40.760       12   51.251    3.867  257.091    3.147    0.075       31   42.055    4.535  103.661    1.526    0.108
 -74.030   40.770        5   12.942    1.180    5.556    0.329    0.091       10   33.821    3.936    9.360    0.984    0.116
 -74.030   40.780        1   84.000    0.000    8.842    0.000    0.000        9   54.556    4.728    9.525    0.816    0.087
 -74.030   40.790        0    0.000    0.000    0.000    0.000    0.000        0    0.000    0.000    0.000    0.000    0.000
 -74.030   40.800        0    0.000    0.000    0.000    0.000    0.000        0    0.000    0.000    0.000    0.000    0.000
 -74.030   40.810        0    0.000    0.000    0.000    0.000    0.000        0    0.000    0.000    0.000    0.000    0.000
 -74.030   40.820        0    0.000    0.000    0.000    0.000    0.000        0    0.000    0.000    0.000    0.000    0.000
 -74.030   40.830        0    0.000    0.000    0.000    0.000    0.000        0    0.000    0.000    0.000    0.000    0.000
 -74.030   40.840        0    0.000    0.000    0.000    0.000    0.000        0    0.000    0.000    0.000    0.000    0.000
 -74.030   40.850        0    0.000    0.000    0.000    0.000    0.000        0    0.000    0.000    0.000    0.000    0.000
 -74.030   40.860        0    0.000    0.000    0.000    0.000    0.000        0    0.000    0.000    0.000    0.000    0.000
 -74.030   40.870        0    0.000    0.000    0.000    0.000    0.000        0    0.000    0.000    0.000    0.000    0.000
 -74.020   40.680        0    0.000    0.000    0.000    0.000    0.000        0    0.000    0.000    0.000    0.000    0.000
 -74.020   40.690        1   21.500    4.000    3.076    0.572    0.186        2   10.500    1.600    4.317    0.883    0.152
 -74.020   40.700     3999   15.534    2.125    5.621    0.730    0.137     8293   12.685    1.740    5.004    0.680    0.137
 -74.020   40.710     3051   13.402    1.977    6.152    0.764    0.147     5176   11.774    1.654    5.415    0.691    0.140
 -74.020   40.720     1159   12.380    2.275    5.537    1.078    0.184     1229    9.892    1.485    5.337    0.804    0.150
 -74.020   40.730      163   11.257    1.362    4.869    0.624    0.121      128   10.344    1.430    5.601    0.684    0.138
 -74.020   40.740       36   12.194    2.311    5.155    0.809    0.189        2    8.250    0.000    5.732    0.000    0.000
 -74.020   40.750        0    0.000    0.000    0.000    0.000    0.000        0    0.000    0.000    0.000    0.000    0.000
 -74.020   40.760        0    0.000    0.000    0.000    0.000    0.000        0    0.000    0.000    0.000    0.000    0.000
 -74.020   40.770        2   62.500   12.550   37.798    7.589    0.201       25   52.430    7.352   12.910    1.985    0.140
 -74.020   40.780        0    0.000    0.000    0.000    0.000    0.000        0    0.000    0.000    0.000    0.000    0.000
 -74.020   40.790        0    0.000    0.000    0.000    0.000    0.000        0    0.000    0.000    0.000    0.000    0.000
 -74.020   40.800        0    0.000    0.000    0.000    0.000    0.000        0    0.000    0.000    0.000    0.000    0.000
 -74.020   40.810        0    0.000    0.000    0.000    0.000    0.000        0    0.000    0.000    0.000    0.000    0.000
 -74.020   40.820        0    0.000    0.000    0.000    0.000    0.000        0    0.000    0.000    0.000    0.000    0.000
 -74.020   40.830        0    0.000    0.000    0.000    0.000    0.000        0    0.000    0.000    0.000    0.000    0.000
 -74.020   40.840        0    0.000    0.000    0.000    0.000    0.000        0    0.000    0.000    0.000    0.000    0.000
 -74.020   40.850        0    0.000    0.000    0.000    0.000    0.000        0    0.000    0.000    0.000    0.000    0.000
 -74.020   40.860        0    0.000    0.000    0.000    0.000    0.000        0    0.000    0.000    0.000    0.000    0.000
 -74.020   40.870        0    0.000    0.000    0.000    0.000    0.000        0    0.000    0.000    0.000    0.000    0.000
 -74.010   40.680       51   13.602    1.714    4.334    0.657    0.126      630   17.014    2.662    4.024    0.651    0.156
 -74.010   40.690        3    6.500    1.067    5.810    0.780    0.164        9   15.444    2.666    3.786    0.641    0.173
 -74.010   40.700     5391   14.347    1.970    4.434    0.613    0.137     9850   12.461    1.893    4.355    0.670    0.152
 -74.010   40.710    11978   12.211    1.643    4.924    0.694    0.135     9330    9.876    1.426    5.272    0.797    0.144
 -74.010   40.720    19685   11.421    1.595    5.673    0.749    0.140    13730    9.023    1.252    6.625    0.865    0.139
 -74.010   40.730    42316   11.055    1.546    5.544    0.759    0.140    26688    8.533    1.239    6.344    0.885    0.145
 -74.010   40.740    29431   10.923    1.422    5.434    0.699    0.130    22233    8.807    1.119    5.925    0.749    0.127
 -74.010   40.750     4584   11.106    1.462    5.161    0.635    0.132     4483    8.770    1.085    5.478    0.661    0.124
 -74.010   40.760      361   11.791    1.313   10.084    0.569    0.111      649   10.302    1.307    7.954    0.658    0.127
 -74.010   40.770        1   72.550    0.000 1813.750    0.000    0.000        9   44.094   12.279  207.653    2.537    0.278
 -74.010   40.780        0    0.000    0.000    0.000    0.000    0.000        0    0.000    0.000    0.000    0.000    0.000
 -74.010   40.790        1   60.000    0.000  150.000    0.000    0.000        9   52.722    7.503    8.825    1.344    0.142
 -74.010   40.800        0    0.000    0.000    0.000    0.000    0.000        0    0.000    0.000    0.000    0.000    0.000
 -74.010   40.810        0    0.000    0.000    0.000    0.000    0.000        0    0.000    0.000    0.000    0.000    0.000
 -74.010   40.820        0    0.000    0.000    0.000    0.000    0.000        0    0.000    0.000    0.000    0.000    0.000
 -74.010   40.830        1  121.000   24.250   16.133    3.233    0.200        2   95.500   14.125   11.137    1.792    0.148
 -74.010   40.840        0    0.000    0.000    0.000    0.000    0.000        0    0.000    0.000    0.000    0.000    0.000
 -74.010   40.850        1   60.000   10.850    4.138    0.748    0.181        2   30.000    5.425    2.069    0.374    0.181
 -74.010   40.860        0    0.000    0.000    0.000    0.000    0.000        0    0.000    0.000    0.000    0.000    0.000
 -74.010   40.870        1   80.000   10.000   33.333    4.167    0.125        3   90.000    8.667   16.446    1.865    0.096
 -74.000   40.680     1178   13.783    1.922    4.719    0.647    0.139     2811   16.951    2.729    3.863    0.607    0.161
 -74.000   40.690      738   13.896    1.864    5.009    0.658    0.134     3519   15.420    2.439    3.903    0.600    0.158
 -74.000   40.700      128   15.661    1.572    4.479    0.445    0.100      413   14.891    2.012    4.176    0.574    0.135
 -74.000   40.710    13518   11.633    1.660    5.648    0.856    0.143    10379    9.985    1.314    6.441    0.917    0.132
 -74.000   40.720    42966   10.904    1.549    5.759    0.818    0.142    24156    8.864    1.270    6.983    0.968    0.143
 -74.000   40.730    24362   10.451    1.428    5.400    0.752    0.137    18352    7.909    1.131    6.034    0.857    0.143
 -74.000   40.740    26034   10.401    1.431    5.957    0.731    0.138    24162    8.023    1.103    6.357    0.797    0.138
 -74.000   40.750    21366   11.040    1.347    5.867    0.704    0.122    27545    8.216    0.946    6.078    0.665    0.115
 -74.000   40.760    13087   11.327    1.412    5.450    0.642    0.125    14435    9.372    1.218    5.791    0.712    0.130
 -74.000   40.770      732   12.696    1.608    4.700    0.559    0.127      950    9.804    1.460    4.926    0.769    0.149
 -74.000   40.780        0    0.000    0.000    0.000    0.000    0.000        0    0.000    0.000    0.000    0.000    0.000
 -74.000   40.790        0    0.000    0.000    0.000    0.000    0.000        0    0.000    0.000    0.000    0.000    0.000
 -74.000   40.800        0    0.000    0.000    0.000    0.000    0.000        0    0.000    0.000    0.000    0.000    0.000
 -74.000   40.810        0    0.000    0.000    0.000    0.000    0.000        0    0.000    0.000    0.000    0.000    0.000
 -74.000   40.820        0    0.000    0.000    0.000    0.000    0.000        0    0.000    0.000    0.000    0.000    0.000
 -74.000   40.830        0    0.000    0.000    0.000    0.000    0.000        0    0.000    0.000    0.000    0.000    0.000
 -74.000   40.840        0    0.000    0.000    0.000    0.000    0.000        0    0.000    0.000    0.000    0.000    0.000
 -74.000   40.850        0    0.000    0.000    0.000    0.000    0.000        0    0.000    0.000    0.000    0.000    0.000
 -74.000   40.860        0    0.000    0.000    0.000    0.000    0.000        0    0.000    0.000    0.000    0.000    0.000
 -74.000   40.870        0    0.000    0.000    0.000    0.000    0.000        0    0.000    0.000    0.000    0.000    0.000
 -73.990   40.680      738   13.175    1.739    5.286    0.553    0.132     1940   16.253    2.500    4.190    0.592    0.154
 -73.990   40.690     1156   12.712    1.447    4.836    0.575    0.114     2342   14.438    2.036    4.323    0.587    0.141
 -73.990   40.700      228   13.362    2.134    4.284    1.054    0.160     1067   13.629    2.030    3.985    0.570    0.149
 -73.990   40.710    12522   12.065    1.719    5.387    0.743    0.142     8632   11.016    1.472    6.294    0.830    0.134
 -73.990   40.720    49183   11.338    1.634    5.407    0.794    0.144    33798    9.283    1.344    6.318    0.935    0.145
 -73.990   40.730    39932   10.038    1.446    5.431    0.801    0.144    31013    8.121    1.209    5.893    0.891    0.149
 -73.990   40.740    40458   10.162    1.385    5.605    0.743    0.136    27603    8.084    1.094    6.344    0.801    0.135
 -73.990   40.750    35447   10.372    1.252    5.446    0.619    0.121    19542    8.219    0.888    6.479    0.660    0.108
 -73.990   40.760    39626   11.010    1.446    5.316    0.652    0.131    26570    9.090    1.153    5.903    0.676    0.127
 -73.990   40.770    11658   10.507    1.320    5.022    0.629    0.126    12210   10.370    1.464    4.979    0.686    0.141
 -73.990   40.780     2600   11.519    1.369    4.847    0.671    0.119     3583   11.162    1.463    5.346    0.593    0.131
 -73.990   40.790        4   12.750    0.312    4.242    0.185    0.025        7   15.000    1.319    4.792    0.249    0.088
 -73.990   40.800        1    4.000    0.000   10.000    0.000    0.000        3   65.000    8.670    8.670    1.209    0.133
 -73.990   40.810        0    0.000    0.000    0.000    0.000    0.000        0    0.000    0.000    0.000    0.000    0.000
 -73.990   40.820        0    0.000    0.000    0.000    0.000    0.000        0    0.000    0.000    0.000    0.000    0.000
 -73.990   40.830        0    0.000    0.000    0.000    0.000    0.000        0    0.000    0.000    0.000    0.000    0.000
 -73.990   40.840        0    0.000    0.000    0.000    0.000    0.000        0    0.000    0.000    0.000    0.000    0.000
 -73.990   40.850        0    0.000    0.000    0.000    0.000    0.000        0    0.000    0.000    0.000    0.000    0.000
 -73.990   40.860        0    0.000    0.000    0.000    0.000    0.000        0    0.000    0.000    0.000    0.000    0.000
 -73.990   40.870        0    0.000    0.000    0.000    0.000    0.000        0    0.000    0.000    0.000    0.000    0.000
 -73.980   40.680     1454   13.792    1.650    4.812    0.554    0.120     2725   16.231    2.466    4.160    0.613    0.152
 -73.980   40.690      147   10.271    0.781    5.692    0.381    0.076     1100   13.656    1.816    4.501    0.539    0.133
 -73.980   40.700        0    0.000    0.000    0.000    0.000    0.000        0    0.000    0.000    0.000    0.000    0.000
 -73.980   40.710      250   12.155    1.401    5.949    0.711    0.115     1256   10.677    1.108    5.010    0.529    0.104
 -73.980   40.720     5450   11.057    1.551    5.219    0.746    0.140     7351    9.005    1.221    5.561    0.771    0.136
 -73.980   40.730     2990   10.337    1.365    5.149    0.689    0.132     7920    8.799    1.347    5.291    0.835    0.153
 -73.980   40.740    18248    9.629    1.304    5.377    0.750    0.135    24640    8.282    1.254    5.495    0.840    0.151
 -73.980   40.750    28497    9.813    1.398    5.676    0.727    0.143    25127    8.316    0.949    6.264    0.624    0.114
 -73.980   40.760    19329   10.048    1.259    5.249    0.629    0.125    10969    9.023    0.972    5.735    0.576    0.108
 -73.980   40.770     3363   10.858    1.431    4.998    0.619    0.132     4723   10.596    1.602    4.715    0.687    0.151
 -73.980   40.780    11509   10.679    1.348    4.863    0.647    0.126    12008   11.232    1.610    4.672    0.670    0.143
 -73.980   40.790     4557   10.880    1.194    5.186    0.562    0.110     7348   12.231    1.682    4.644    0.609    0.138
 -73.980   40.800       16   14.969    2.023    4.006    0.640    0.135      137   12.564    2.072    4.759    1.156    0.165
 -73.980   40.810        0    0.000    0.000    0.000    0.000    0.000        0    0.000    0.000    0.000    0.000    0.000
 -73.980   40.820        0    0.000    0.000    0.000    0.000    0.000        0    0.000    0.000    0.000    0.000    0.000
 -73.980   40.830        0    0.000    0.000    0.000    0.000    0.000        0    0.000    0.000    0.000    0.000    0.000
 -73.980   40.840        0    0.000    0.000    0.000    0.000    0.000        0    0.000    0.000    0.000    0.000    0.000
 -73.980   40.850        2   62.250    0.000 2002.473    0.000    0.000        7   53.000    7.621    5.755    0.864    0.144
 -73.980   40.860        0    0.000    0.000    0.000    0.000    0.000        0    0.000    0.000    0.000    0.000    0.000
 -73.980   40.870        1    2.500    0.000   25.000    0.000    0.000        1   44.000   14.260    2.721    0.882    0.324
 -73.970   40.680      677   11.806    1.563    4.972    0.597    0.132     2491   16.768    2.495    4.139    0.581    0.149
 -73.970   40.690      341   11.058    1.287    4.849    0.551    0.116     1572   14.798    2.161    4.158    0.591    0.146
 -73.970   40.700      170    9.930    1.257    5.474    0.766    0.127      859   13.043    1.692    4.903    0.589    0.130
 -73.970   40.710     3042   11.505    1.641    4.958    0.700    0.143     5068   13.951    2.067    4.715    0.689    0.148
 -73.970   40.720       34   12.485    1.587    6.001    0.546    0.127      286   17.574    2.712    4.085    0.610    0.154
 -73.970   40.730       14   17.550    2.768    4.583    0.502    0.158       16   14.244    2.151    4.297    0.620    0.151
 -73.970   40.740       80    9.503    1.210    4.576    0.589    0.127      125   10.470    1.468    4.290    0.600    0.140
 -73.970   40.750    14426    9.957    1.252    4.942    0.636    0.126    14050    9.079    1.257    5.180    0.729    0.138
 -73.970   40.760    14347   10.223    1.182    5.202    0.589    0.116    14703    9.224    1.228    5.394    0.669    0.133
 -73.970   40.770     4340    9.502    1.079    5.413    0.565    0.114     3775    9.618    1.186    5.412    0.604    0.123
 -73.970   40.780      894   10.310    1.259    4.879    0.629    0.122     1548   10.894    1.561    4.560    0.627    0.143
 -73.970   40.790     3437   10.646    1.083    6.504    0.504    0.102     6876   12.215    1.634    5.179    0.550    0.134
 -73.970   40.800     4320   11.007    1.359    5.111    0.626    0.123     6109   13.193    1.768    4.404    0.568    0.134
 -73.970   40.810      277   12.009    1.357    5.263    0.582    0.113      660   14.466    2.095    4.340    0.623    0.145
 -73.970   40.820        0    0.000    0.000    0.000    0.000    0.000        0    0.000    0.000    0.000    0.000    0.000
 -73.970   40.830        0    0.000    0.000    0.000    0.000    0.000        0    0.000    0.000    0.000    0.000    0.000
 -73.970   40.840        0    0.000    0.000    0.000    0.000    0.000        0    0.000    0.000    0.000    0.000    0.000
 -73.970   40.850        0    0.000    0.000    0.000    0.000    0.000        0    0.000    0.000    0.000    0.000    0.000
 -73.970   40.860        0    0.000    0.000    0.000    0.000    0.000        0    0.000    0.000    0.000    0.000    0.000
 -73.970   40.870        0    0.000    0.000    0.000    0.000    0.000        0    0.000    0.000    0.000    0.000    0.000
 -73.960   40.680      593   10.484    1.334    4.898    0.517    0.127     2445   16.840    2.447    3.992    0.557    0.145
 -73.960   40.690      372   10.319    1.152    6.698    0.522    0.112     1463   15.358    1.958    4.555    0.508    0.128
 -73.960   40.700      727   10.200    1.232    5.961    0.600    0.121     1716   13.579    1.679    4.841    0.568    0.124
 -73.960   40.710     6055   10.827    1.562    5.273    0.726    0.144     6785   14.231    2.165    4.696    0.691    0.152
 -73.960   40.720     2542   12.508    1.792    5.011    0.711    0.143     4116   14.750    2.213    4.810    0.690    0.150
 -73.960   40.730      593   11.909    1.644    4.738    0.658    0.138     2463   14.723    2.322    4.120    0.644    0.158
 -73.960   40.740      907   13.954    1.707    5.176    0.605    0.122     3185   14.351    2.676    4.071    0.750    0.186
 -73.960   40.750      113   11.603    1.346    7.667    0.663    0.116      361   14.831    1.962    5.010    0.547    0.132
 -73.960   40.760     7111   10.216    1.291    4.884    0.645    0.126    11944   10.194    1.476    4.720    0.688    0.145
 -73.960   40.770    20060   10.051    1.305    5.406    0.677    0.130    23479   10.867    1.587    4.959    0.659    0.146
 -73.960   40.780     4215   10.250    1.214    5.505    0.657    0.118     9952   11.242    1.597    4.691    0.645    0.142
 -73.960   40.790      612   10.172    0.959    5.014    0.455    0.094     1523   12.208    1.511    4.370    0.472    0.124
 -73.960   40.800     1796   10.035    1.066    5.582    0.510    0.106     5103   13.999    1.854    4.379    0.531    0.132
 -73.960   40.810     1462    9.722    0.922    5.360    0.444    0.095     2898   14.864    1.750    4.316    0.435    0.118
 -73.960   40.820      787   11.782    1.025    5.380    0.367    0.087     2185   16.773    1.925    4.114    0.418    0.115
 -73.960   40.830        0    0.000    0.000    0.000    0.000    0.000        0    0.000    0.000    0.000    0.000    0.000
 -73.960   40.840        0    0.000    0.000    0.000    0.000    0.000        0    0.000    0.000    0.000    0.000    0.000
 -73.960   40.850        1    0.000    0.000    0.000    0.000    0.000        3   13.833    6.667    2.659    0.758    0.482
 -73.960   40.860        0    0.000    0.000    0.000    0.000    0.000        0    0.000    0.000    0.000    0.000    0.000
 -73.960   40.870        0    0.000    0.000    0.000    0.000    0.000        0    0.000    0.000    0.000    0.000    0.000
 -73.950   40.680      156   11.962    2.134    5.207    0.789    0.178     1346   17.459    2.284    4.066    0.501    0.131
 -73.950   40.690      183   11.329    1.305    4.878    0.547    0.115     1475   15.830    1.957    4.175    0.494    0.124
 -73.950   40.700      550   11.005    1.389    5.105    0.701    0.126     2514   15.114    2.112    4.398    0.627    0.140
 -73.950   40.710     2360   10.676    1.651    5.407    0.779    0.155     4426   14.660    2.217    4.621    0.664    0.151
 -73.950   40.720      605   11.218    1.586    6.000    0.752    0.141     3008   14.221    2.146    4.563    0.656    0.151
 -73.950   40.730       19   17.895    2.961    6.638    0.896    0.165       33   17.409    1.729    4.203    0.427    0.099
 -73.950   40.740      451   11.623    1.351    5.760    0.545    0.116     1216   13.704    1.998    4.427    0.574    0.146
 -73.950   40.750      730   10.510    0.888    4.705    0.361    0.085      778   13.037    1.002    4.560    0.304    0.077
 -73.950   40.760       78   13.442    1.137    4.398    0.317    0.085      751   15.771    1.990    3.903    0.462    0.126
 -73.950   40.770     3634   11.063    1.275    4.809    0.572    0.115     9337   11.706    1.672    4.480    0.644    0.143
 -73.950   40.780     3947   10.662    1.182    5.173    0.583    0.111     9196   11.783    1.545    4.504    0.563    0.131
 -73.950   40.790     1733   10.136    0.689    5.705    0.304    0.068     4627   11.759    1.136    4.478    0.372    0.097
 -73.950   40.800     1082   10.216    0.914    5.501    0.417    0.089     3085   14.460    1.727    4.168    0.449    0.119
 -73.950   40.810      590   10.146    0.909    5.817    0.502    0.090     2720   16.218    1.828    4.236    0.415    0.113
 -73.950   40.820      823   10.102    0.860    5.770    0.393    0.085     3745   18.215    2.059    3.884    0.387    0.113
 -73.950   40.830      625   11.556    1.241    5.797    0.591    0.107     2837   19.629    2.198    3.830    0.412    0.112
 -73.950   40.840      126   15.244    1.652    4.282    0.444    0.108      798   23.587    2.962    3.339    0.417    0.126
 -73.950   40.850       34   13.006    1.554    4.583    0.490    0.120      204   24.881    3.385    3.307    0.455    0.136
 -73.950   40.860        6   13.417    1.623    4.695    0.856    0.121        5   13.700    1.416    4.776    0.837    0.103
 -73.950   40.870        0    0.000    0.000    0.000    0.000    0.000        0    0.000    0.000    0.000    0.000    0.000
 -73.940   40.680       62   11.121    2.092    6.242    0.587    0.188      804   19.082    2.370    4.133    0.504    0.124
 -73.940   40.690      733   10.847    1.304    5.140    0.584    0.120     2051   16.284    1.961    4.731    0.526    0.120
 -73.940   40.700      811   10.788    1.582    6.035    0.739    0.147     1423   16.287    2.172    4.959    0.576    0.133
 -73.940   40.710      147   11.616    1.504    5.909    0.542    0.129      615   14.974    2.137    4.690    0.607    0.143
 -73.940   40.720       69   11.949    1.874    5.287    0.726    0.157      351   13.570    1.943    4.582    0.623    0.143
 -73.940   40.730       32   29.188    2.790    7.937    0.765    0.096       91   13.517    0.875    4.371    0.238    0.065
 -73.940   40.740      406   10.443    1.071    5.209    2.303    0.103      278   12.664    1.143    4.615    2.968    0.090
 -73.940   40.750      716   11.091    1.193    5.191    0.456    0.108     1657   14.406    1.687    5.455    0.452    0.117
 -73.940   40.760      228    9.807    0.895    5.101    0.365    0.091     1348   14.372    1.887    4.210    0.487    0.131
 -73.940   40.770        8   11.688    1.250    6.827    0.300    0.107      309   13.193    1.101   10.355    0.347    0.083
 -73.940   40.780        8    8.688    0.212    4.736    0.101    0.024       72   11.111    0.785    4.386    0.201    0.071
 -73.940   40.790      888   10.463    0.680    5.395    0.306    0.065     3111   12.976    1.209    4.147    0.347    0.093
 -73.940   40.800      776    9.898    0.599    5.677    0.330    0.061     1851   12.665    1.144    4.547    0.349    0.090
 -73.940   40.810      276   11.007    0.729    6.261    0.329    0.066     1344   16.815    1.817    4.178    0.390    0.108
 -73.940   40.820      173    9.414    0.877    5.307    0.353    0.093      978   17.975    1.692    3.842    0.322    0.094
 -73.940   40.830       34   12.647    1.261    4.556    0.217    0.100      461   20.436    2.037    3.674    0.304    0.100
 -73.940   40.840      368   12.604    1.022    5.873    0.417    0.081     1782   22.848    2.410    3.564    0.351    0.105
 -73.940   40.850      277   13.469    1.623    5.295    0.436    0.121     2378   24.256    3.148    3.334    0.405    0.130
 -73.940   40.860        8   11.588    0.725    4.804    0.247    0.063       98   25.347    3.163    3.186    0.359    0.125
 -73.940   40.870        0    0.000    0.000    0.000    0.000    0.000        0    0.000    0.000    0.000    0.000    0.000
 -73.930   40.680       68   13.021    1.358    4.779    0.448    0.104      658   20.973    2.470    3.920    0.467    0.118
 -73.930   40.690      310   11.157    1.517   20.869    3.897    0.136     1572   18.313    2.290    6.719    1.175    0.125
 -73.930   40.700      511   11.387    1.630    6.536    0.672    0.143     1937   17.547    2.473    4.559    0.584    0.141
 -73.930   40.710        6    8.333    0.227    4.754    0.283    0.027       22   13.068    1.416    4.294    0.461    0.108
 -73.930   40.720        6    7.250    1.233    7.492    0.516    0.170        8   14.625    2.362    3.917    0.542    0.162
 -73.930   40.730       33   21.773    3.121    6.744    0.916    0.143      650   15.506    1.536    4.016    0.362    0.099
 -73.930   40.740      650   11.420    1.032    4.842    0.381    0.090     2053   15.836    1.690    3.855    0.385    0.107
 -73.930   40.750      731    9.996    0.943    5.202    0.468    0.094     2146   15.473    1.881    4.254    0.450    0.122
 -73.930   40.760     1482    9.952    1.148    9.065    0.551    0.115     5122   16.979    2.240    4.990    0.485    0.132
 -73.930   40.770      261   11.790    1.410    4.820    0.506    0.120     1597   16.919    2.117    4.009    0.465    0.125
 -73.930   40.780        5   48.600    5.034   14.279    0.884    0.104        3   11.500    2.110    2.242    0.253    0.183
 -73.930   40.790       15   39.767    7.288   15.819    1.803    0.183       19   17.079    0.832    8.796    0.173    0.049
 -73.930   40.800       91   11.923    0.667    5.196    0.238    0.056      416   16.218    1.051    3.835    0.201    0.065
 -73.930   40.810      143   10.815    0.587    9.227    0.221    0.054      450   15.559    0.747    3.903    0.156    0.048
 -73.930   40.820       53   10.566    1.145    4.874    1.664    0.108      343   20.386    1.476    5.098    0.430    0.072
 -73.930   40.830       31    9.677    0.273    5.287    0.193    0.028      362   19.992    1.075    3.500    0.177    0.054
 -73.930   40.840        8    7.875    0.170    4.737    0.155    0.022      153   21.752    1.061    3.518    0.157    0.049
 -73.930   40.850       14   14.050    1.911    8.385    0.927    0.136      387   24.298    2.212    3.527    0.305    0.091
 -73.930   40.860      193   13.003    1.144    4.988    0.325    0.088     1728   26.633    2.978    3.193    0.334    0.112
 -73.930   40.870        1    6.000    1.000    5.042    0.840    0.167        6   30.083    2.163    2.911    0.257    0.072
 -73.920   40.680       65   11.372    1.283    7.150    0.508    0.113      736   21.696    2.589    3.952    0.464    0.119
 -73.920   40.690       98   10.951    1.387    5.414    0.464    0.127      787   19.745    2.382    4.115    0.504    0.121
 -73.920   40.700       84   10.185    1.352    5.673    0.569    0.133      893   19.517    2.589    3.960    0.530    0.133
 -73.920   40.710       11    8.682    0.677    4.946    0.537    0.078       95   16.095    1.928    4.107    0.484    0.120
 -73.920   40.720        3   52.000   11.413   10.294    2.255    0.219       34   15.574    0.315    3.741    0.075    0.020
 -73.920   40.730       21   26.238    3.615   67.563   12.932    0.138      238   16.609    1.377    9.429    1.364    0.083
 -73.920   40.740      398   11.510    0.859    4.943    0.310    0.075     2080   16.642    1.765    3.832    0.370    0.106
 -73.920   40.750      427    8.536    0.816    6.168    0.452    0.096     2163   15.962    1.905    4.090    0.451    0.119
 -73.920   40.760     1018    9.607    0.972    5.686    0.483    0.101     4234   17.496    2.156    4.061    0.458    0.123
 -73.920   40.770      581   11.427    1.217    5.497    0.517    0.107     2383   19.443    2.508    3.897    0.475    0.129
 -73.920   40.780       22   14.114    1.295    4.131    0.383    0.092      460   18.532    2.451    3.849    0.458    0.132
 -73.920   40.790        0    0.000    0.000    0.000    0.000    0.000        0    0.000    0.000    0.000    0.000    0.000
 -73.920   40.800       14   11.071    0.429    5.202    0.083    0.039      278   17.272    0.397    3.544    0.078    0.023
 -73.920   40.810       37   10.149    0.366    5.870    0.086    0.036      333   18.311    0.773    3.659    0.146    0.042
 -73.920   40.820       42    8.779    0.721    5.867    0.338    0.082      231   18.763    1.255    6.067    0.245    0.067
 -73.920   40.830       32   10.062    0.167   14.522    0.056    0.017      288   22.971    0.676    4.450    0.106    0.029
 -73.920   40.840       33    9.182    0.238    4.946    0.086    0.026      293   23.003    1.062    3.309    0.139    0.046
 -73.920   40.850        2    8.250    0.925    4.129    0.487    0.112      109   25.491    0.956    3.223    0.125    0.038
 -73.920   40.860       37   14.068    1.248    4.370    0.318    0.089      300   26.166    2.234    3.189    0.243    0.085
 -73.920   40.870       24   19.125    0.972    4.396    0.140    0.051      404   29.007    4.321    3.151    0.452    0.149
 -73.910   40.680       10   14.350    1.771    5.011    1.193    0.123      226   22.614    2.826    3.911    0.478    0.125
 -73.910   40.690       34   15.691    2.009    4.610    0.502    0.128      505   22.113    2.773    3.908    0.494    0.125
 -73.910   40.700       27   13.674    0.913    5.840    0.292    0.067      509   21.273    1.885    3.799    0.326    0.089
 -73.910   40.710        8   11.000    1.188    4.831    1.507    0.108      171   18.345    1.953    3.644    0.380    0.106
 -73.910   40.720       12   34.375    6.061    6.475    1.084    0.176      178   18.719    1.188    3.522    0.281    0.063
 -73.910   40.730        8   10.188    0.000    3.339    0.000    0.000      225   17.530    1.577    3.807    0.296    0.090
 -73.910   40.740      150   11.563    0.909    5.120    0.264    0.079     1153   17.597    1.459    3.867    0.292    0.083
 -73.910   40.750       88   10.093    0.755    5.659    0.344    0.075      678   17.278    1.776    3.867    0.365    0.103
 -73.910   40.760       57   12.140    1.492    5.109    0.589    0.123      889   18.851    2.039    3.936    0.409    0.108
 -73.910   40.770      151   11.394    1.229   14.043    0.620    0.108     1692   20.644    2.700    4.895    0.463    0.131
 -73.910   40.780        0    0.000    0.000    0.000    0.000    0.000        0    0.000    0.000    0.000    0.000    0.000
 -73.910   40.790        0    0.000    0.000    0.000    0.000    0.000        0    0.000    0.000    0.000    0.000    0.000
 -73.910   40.800        1   13.000    0.000    4.710    0.000    0.000        9   24.611    2.007    3.328    0.236    0.082
 -73.910   40.810       15   14.533    0.383    4.150    0.156    0.026      243   20.134    0.681    3.560    0.117    0.034
 -73.910   40.820       20   10.385    0.641   31.227    0.515    0.062      157   20.605    0.820    3.902    0.167    0.040
 -73.910   40.830       15    9.067    0.280    7.656    0.142    0.031      126   22.476    0.749    3.865    0.096    0.033
 -73.910   40.840        2    4.000    0.000   10.748    0.000    0.000      177   25.452    1.471    3.508    0.176    0.058
 -73.910   40.850       14   10.821    0.661    8.555    0.258    0.061      182   25.576    1.596    3.453    0.182    0.062
 -73.910   40.860       17   15.647    0.353    5.745    0.065    0.023      209   27.897    1.260    3.438    0.138    0.045
 -73.910   40.870       18   15.694    0.642   18.056    0.142    0.041      218   29.338    2.197    4.211    0.215    0.075
