LONGITUD LATITUDE NUM_PICK FARE_PIC TIP_PICK FPD_PICK TPD_PICK TPF_PICK NUM_DROP FARE_DRO FARE_TIP FPD_DROP TPD_DROP TPF_DROP
 -74.050   40.680        0    0.000    0.000    0.000    0.000    0.000        0    0.000    0.000    0.000    0.000    0.000
 -74.050   40.690        0    0.000    0.000    0.000    0.000    0.000        0    0.000    0.000    0.000    0.000    0.000
 -74.050   40.700        0    0.000    0.000    0.000    0.000    0.000        0    0.000    0.000    0.000    0.000    0.000
 -74.050   40.710        0    0.000    0.000    0.000    0.000    0.000        0    0.000    0.000    0.000    0.000    0.000
 -74.050   40.720        1  118.000    0.000  274.419    0.000    0.000        4   62.188    5.713   16.174    1.702    0.092
 -74.050   40.730        4   18.000    1.515    5.079    0.323    0.084       12   37.292    3.898    9.598    0.912    0.105
 -74.050   40.740        0    0.000    0.000    0.000    0.000    0.000        0    0.000    0.000    0.000    0.000    0.000
 -74.050   40.750        0    0.000    0.000    0.000    0.000    0.000        0    0.000    0.000    0.000    0.000    0.000
 -74.050   40.760        0    0.000    0.000    0.000    0.000    0.000        0    0.000    0.000    0.000    0.000    0.000
 -74.050   40.770        1    4.500    0.000    9.000    0.000    0.000        1   60.000   14.350   10.000    2.392    0.239
 -74.050   40.780        1   33.250    5.000    4.375    0.658    0.150       11   33.478    9.952    5.565    1.754    0.297
 -74.050   40.790        1   52.000   62.050   52.000   62.050    1.193        2   44.250   31.025   28.373   31.025    0.701
 -74.050   40.800        0    0.000    0.000    0.000    0.000    0.000        0    0.000    0.000    0.000    0.000    0.000
 -74.050   40.810        0    0.000    0.000    0.000    0.000    0.000        0    0.000    0.000    0.000    0.000    0.000
 -74.050   40.820        0    0.000    0.000    0.000    0.000    0.000        0    0.000    0.000    0.000    0.000    0.000
 -74.050   40.830        0    0.000    0.000    0.000    0.000    0.000        0    0.000    0.000    0.000    0.000    0.000
 -74.050   40.840        0    0.000    0.000    0.000    0.000    0.000        0    0.000    0.000    0.000    0.000    0.000
 -74.050   40.850        0    0.000    0.000    0.000    0.000    0.000        0    0.000    0.000    0.000    0.000    0.000
 -74.050   40.860        0    0.000    0.000    0.000    0.000    0.000        0    0.000    0.000    0.000    0.000    0.000
 -74.050   40.870        0    0.000    0.000    0.000    0.000    0.000        0    0.000    0.000    0.000    0.000    0.000
 -74.040   40.680        0    0.000    0.000    0.000    0.000    0.000        0    0.000    0.000    0.000    0.000    0.000
 -74.040   40.690        0    0.000    0.000    0.000    0.000    0.000        0    0.000    0.000    0.000    0.000    0.000
 -74.040   40.700        0    0.000    0.000    0.000    0.000    0.000        0    0.000    0.000    0.000    0.000    0.000
 -74.040   40.710        6   27.250    3.885    7.471    1.097    0.143       58   48.552    9.416    8.586    1.628    0.194
 -74.040   40.720        5   34.290    3.330   57.982    2.805    0.097       40   44.068    8.643   13.506    2.804    0.196
 -74.040   40.730        4   29.253    2.500  957.393  250.000    0.085       19   39.329    6.433  209.169   53.772    0.164
 -74.040   40.740        0    0.000    0.000    0.000    0.000    0.000        0    0.000    0.000    0.000    0.000    0.000
 -74.040   40.750        0    0.000    0.000    0.000    0.000    0.000        0    0.000    0.000    0.000    0.000    0.000
 -74.040   40.760        0    0.000    0.000    0.000    0.000    0.000        0    0.000    0.000    0.000    0.000    0.000
 -74.040   40.770        0    0.000    0.000    0.000    0.000    0.000        0    0.000    0.000    0.000    0.000    0.000
 -74.040   40.780        0    0.000    0.000    0.000    0.000    0.000        0    0.000    0.000    0.000    0.000    0.000
 -74.040   40.790        0    0.000    0.000    0.000    0.000    0.000        0    0.000    0.000    0.000    0.000    0.000
 -74.040   40.800        0    0.000    0.000    0.000    0.000    0.000        0    0.000    0.000    0.000    0.000    0.000
 -74.040   40.810        0    0.000    0.000    0.000    0.000    0.000        0    0.000    0.000    0.000    0.000    0.000
 -74.040   40.820        0    0.000    0.000    0.000    0.000    0.000        0    0.000    0.000    0.000    0.000    0.000
 -74.040   40.830        0    0.000    0.000    0.000    0.000    0.000        0    0.000    0.000    0.000    0.000    0.000
 -74.040   40.840        0    0.000    0.000    0.000    0.000    0.000        0    0.000    0.000    0.000    0.000    0.000
 -74.040   40.850        0    0.000    0.000    0.000    0.000    0.000        0    0.000    0.000    0.000    0.000    0.000
 -74.040   40.860        0    0.000    0.000    0.000    0.000    0.000        0    0.000    0.000    0.000    0.000    0.000
 -74.040   40.870        0    0.000    0.000    0.000    0.000    0.000        0    0.000    0.000    0.000    0.000    0.000
 -74.030   40.680        0    0.000    0.000    0.000    0.000    0.000        0    0.000    0.000    0.000    0.000    0.000
 -74.030   40.690        0    0.000    0.000    0.000    0.000    0.000        0    0.000    0.000    0.000    0.000    0.000
 -74.030   40.700        1   22.000    4.560    8.462    1.754    0.207        1    9.500    1.000    4.847    0.510    0.105
 -74.030   40.710        4   15.750    3.702    4.452    0.950    0.235        1    6.000    0.000   15.000    0.000    0.000
 -74.030   40.720        1    8.000    0.000    6.667    0.000    0.000        1   19.000    3.500    3.455    0.636    0.184
 -74.030   40.730        1    4.500    5.000    7.377    8.197    1.111        4   27.625    7.178    6.349    3.045    0.260
 -74.030   40.740        3   10.500    2.500    4.641    1.108    0.238        9   41.222    4.789    9.201    0.999    0.116
 -74.030   40.750        5   21.900    3.036    9.587    1.171    0.139       19   41.224    7.271   16.641    3.122    0.176
 -74.030   40.760        8   33.812    6.210   45.640    8.563    0.184       12   40.333    3.842   24.628    3.669    0.095
 -74.030   40.770        0    0.000    0.000    0.000    0.000    0.000        0    0.000    0.000    0.000    0.000    0.000
 -74.030   40.780        0    0.000    0.000    0.000    0.000    0.000        0    0.000    0.000    0.000    0.000    0.000
 -74.030   40.790        0    0.000    0.000    0.000    0.000    0.000        0    0.000    0.000    0.000    0.000    0.000
 -74.030   40.800        1   45.000   11.010  150.000   36.700    0.245        2   38.750    9.035    3.945    0.939    0.233
 -74.030   40.810        0    0.000    0.000    0.000    0.000    0.000        0    0.000    0.000    0.000    0.000    0.000
 -74.030   40.820        0    0.000    0.000    0.000    0.000    0.000        0    0.000    0.000    0.000    0.000    0.000
 -74.030   40.830        0    0.000    0.000    0.000    0.000    0.000        0    0.000    0.000    0.000    0.000    0.000
 -74.030   40.840        0    0.000    0.000    0.000    0.000    0.000        0    0.000    0.000    0.000    0.000    0.000
 -74.030   40.850        0    0.000    0.000    0.000    0.000    0.000        0    0.000    0.000    0.000    0.000    0.000
 -74.030   40.860        0    0.000    0.000    0.000    0.000    0.000        0    0.000    0.000    0.000    0.000    0.000
 -74.030   40.870        0    0.000    0.000    0.000    0.000    0.000        0    0.000    0.000    0.000    0.000    0.000
 -74.020   40.680       43   25.826    1.384    3.340    0.216    0.054        6   25.833    1.535    3.399    0.227    0.059
 -74.020   40.690        7    9.071    1.406    6.164    1.151    0.155        2   11.000    2.200    5.814    1.163    0.200
 -74.020   40.700    10459   12.894    1.763    5.837    0.815    0.137    14929   15.879    1.872    5.054    0.616    0.118
 -74.020   40.710    16122   12.197    1.721    5.902    0.819    0.141    21500   14.019    2.015    5.241    0.771    0.144
 -74.020   40.720     1658   12.381    1.880    5.884    0.920    0.152     3362   10.818    1.623    5.542    0.877    0.150
 -74.020   40.730       75   12.313    1.984    5.462    0.917    0.161      113    9.102    1.325    5.294    0.740    0.146
 -74.020   40.740       11   12.773    2.837    5.842    1.015    0.222       16   12.219    1.646    5.129    0.824    0.135
 -74.020   40.750       10    9.800    0.608    6.075    0.351    0.062        8    9.188    1.305    6.115    0.756    0.142
 -74.020   40.760        1    9.500    0.000    6.333    0.000    0.000        1    4.500    1.060    8.036    1.893    0.236
 -74.020   40.770        0    0.000    0.000    0.000    0.000    0.000        0    0.000    0.000    0.000    0.000    0.000
 -74.020   40.780        1    5.500    1.570    5.000    1.427    0.285        2   35.250    9.435    7.958    2.150    0.268
 -74.020   40.790        0    0.000    0.000    0.000    0.000    0.000        0    0.000    0.000    0.000    0.000    0.000
 -74.020   40.800        0    0.000    0.000    0.000    0.000    0.000        0    0.000    0.000    0.000    0.000    0.000
 -74.020   40.810        0    0.000    0.000    0.000    0.000    0.000        0    0.000    0.000    0.000    0.000    0.000
 -74.020   40.820        0    0.000    0.000    0.000    0.000    0.000        0    0.000    0.000    0.000    0.000    0.000
 -74.020   40.830        0    0.000    0.000    0.000    0.000    0.000        0    0.000    0.000    0.000    0.000    0.000
 -74.020   40.840        0    0.000    0.000    0.000    0.000    0.000        0    0.000    0.000    0.000    0.000    0.000
 -74.020   40.850        0    0.000    0.000    0.000    0.000    0.000        0    0.000    0.000    0.000    0.000    0.000
 -74.020   40.860        0    0.000    0.000    0.000    0.000    0.000        0    0.000    0.000    0.000    0.000    0.000
 -74.020   40.870        0    0.000    0.000    0.000    0.000    0.000        0    0.000    0.000    0.000    0.000    0.000
 -74.010   40.680      188   15.197    2.356    4.634    0.684    0.155      118   14.493    1.909    4.952    0.724    0.132
 -74.010   40.690        9   10.056    1.338    7.855    1.393    0.133       24   13.062    1.638    6.657    0.867    0.125
 -74.010   40.700    10109   14.501    2.078    5.964    0.840    0.143    13305   15.891    2.091    4.980    0.658    0.132
 -74.010   40.710    13484   10.589    1.442    6.325    0.859    0.136    16327   11.633    1.472    6.097    0.772    0.127
 -74.010   40.720    18732    9.808    1.395    6.361    0.873    0.142    24552    9.910    1.469    6.003    0.878    0.148
 -74.010   40.730    29506    9.268    1.370    6.328    0.917    0.148    14613    8.195    1.175    6.683    0.890    0.143
 -74.010   40.740    22372    9.562    1.378    6.592    0.924    0.144    23274    9.281    1.371    6.060    0.868    0.148
 -74.010   40.750     5331   10.077    1.456    7.046    1.053    0.144    26504    9.065    1.299    6.504    0.923    0.143
 -74.010   40.760     2546   11.557    1.623    6.273    0.907    0.140     1841   10.262    1.200    5.855    0.671    0.117
 -74.010   40.770        2    9.500    1.765    8.095    1.589    0.186        3   14.167    1.773    4.450    0.636    0.125
 -74.010   40.780        3    7.500    1.713    6.328    1.310    0.228        4   21.375    2.417    6.588    0.919    0.113
 -74.010   40.790        0    0.000    0.000    0.000    0.000    0.000        0    0.000    0.000    0.000    0.000    0.000
 -74.010   40.800        0    0.000    0.000    0.000    0.000    0.000        0    0.000    0.000    0.000    0.000    0.000
 -74.010   40.810        0    0.000    0.000    0.000    0.000    0.000        0    0.000    0.000    0.000    0.000    0.000
 -74.010   40.820        0    0.000    0.000    0.000    0.000    0.000        0    0.000    0.000    0.000    0.000    0.000
 -74.010   40.830        0    0.000    0.000    0.000    0.000    0.000        0    0.000    0.000    0.000    0.000    0.000
 -74.010   40.840        0    0.000    0.000    0.000    0.000    0.000        0    0.000    0.000    0.000    0.000    0.000
 -74.010   40.850        0    0.000    0.000    0.000    0.000    0.000        0    0.000    0.000    0.000    0.000    0.000
 -74.010   40.860        0    0.000    0.000    0.000    0.000    0.000        0    0.000    0.000    0.000    0.000    0.000
 -74.010   40.870        0    0.000    0.000    0.000    0.000    0.000        0    0.000    0.000    0.000    0.000    0.000
 -74.000   40.680     2719   15.318    2.324    5.622    0.714    0.152      497   12.587    1.594    7.893    0.676    0.127
 -74.000   40.690     2285   16.083    2.454    5.113    0.729    0.153     2067   11.700    1.446    5.849    0.687    0.124
 -74.000   40.700      303   14.236    2.081    4.880    0.687    0.146      608   14.264    1.840    5.129    0.658    0.129
 -74.000   40.710     5347   11.144    1.402    5.786    0.743    0.126     4119   10.919    1.195    5.776    0.624    0.109
 -74.000   40.720    17627    9.797    1.413    6.110    0.886    0.144    21060    9.351    1.354    6.087    0.902    0.145
 -74.000   40.730    34767    8.940    1.274    6.307    0.913    0.143    29559    8.480    1.220    6.220    0.913    0.144
 -74.000   40.740    43482    8.596    1.197    6.756    0.948    0.139    38056    8.832    1.225    6.510    0.904    0.139
 -74.000   40.750    53669    9.350    1.166    6.920    0.866    0.125    36526    9.434    1.196    6.548    0.802    0.127
 -74.000   40.760    17833    9.750    1.209    6.439    0.808    0.124    14970    9.845    1.339    6.728    0.869    0.136
 -74.000   40.770     2404   10.320    1.380    6.340    0.862    0.134     1575    9.852    1.270    6.494    0.769    0.129
 -74.000   40.780        0    0.000    0.000    0.000    0.000    0.000        0    0.000    0.000    0.000    0.000    0.000
 -74.000   40.790        0    0.000    0.000    0.000    0.000    0.000        0    0.000    0.000    0.000    0.000    0.000
 -74.000   40.800        0    0.000    0.000    0.000    0.000    0.000        0    0.000    0.000    0.000    0.000    0.000
 -74.000   40.810        0    0.000    0.000    0.000    0.000    0.000        0    0.000    0.000    0.000    0.000    0.000
 -74.000   40.820        1   22.500    2.500    3.328    0.370    0.111        1   11.000    1.500    5.238    0.714    0.136
 -74.000   40.830        0    0.000    0.000    0.000    0.000    0.000        0    0.000    0.000    0.000    0.000    0.000
 -74.000   40.840        0    0.000    0.000    0.000    0.000    0.000        0    0.000    0.000    0.000    0.000    0.000
 -74.000   40.850        0    0.000    0.000    0.000    0.000    0.000        0    0.000    0.000    0.000    0.000    0.000
 -74.000   40.860        0    0.000    0.000    0.000    0.000    0.000        0    0.000    0.000    0.000    0.000    0.000
 -74.000   40.870        0    0.000    0.000    0.000    0.000    0.000        0    0.000    0.000    0.000    0.000    0.000
 -73.990   40.680      687   14.070    2.002    5.182    0.648    0.142      576   12.497    1.581    5.758    0.718    0.127
 -73.990   40.690     1554   13.729    1.957    4.719    0.627    0.143     1639   16.403    1.912    4.764    0.542    0.117
 -73.990   40.700      662   13.505    1.983    4.679    0.669    0.147      661   13.379    2.124    4.944    0.742    0.159
 -73.990   40.710     2323   11.479    1.412    5.515    0.661    0.123     1993   11.381    1.376    5.308    0.607    0.121
 -73.990   40.720    16149   10.245    1.446    5.746    0.795    0.141     6554    9.217    1.136    5.925    0.711    0.123
 -73.990   40.730    36098    9.437    1.348    6.455    0.920    0.143    24497    8.814    1.152    6.569    0.841    0.131
 -73.990   40.740    47342    8.694    1.208    7.096    1.003    0.139    50406    9.135    1.279    6.948    0.976    0.140
 -73.990   40.750    39622    8.702    1.031    7.207    0.886    0.118    60340    9.808    1.356    7.311    1.002    0.138
 -73.990   40.760    45427    9.053    1.133    6.776    0.871    0.125    43556    9.444    1.288    6.608    0.886    0.136
 -73.990   40.770    29901    9.571    1.237    6.198    0.786    0.129    20403    8.571    1.088    6.366    0.780    0.127
 -73.990   40.780     7788   10.103    1.298    6.196    0.762    0.128     5601    8.281    0.995    6.337    0.756    0.120
 -73.990   40.790        5   10.200    2.302    5.598    1.167    0.226       30    9.834    1.141    5.199    0.543    0.116
 -73.990   40.800        0    0.000    0.000    0.000    0.000    0.000        0    0.000    0.000    0.000    0.000    0.000
 -73.990   40.810        0    0.000    0.000    0.000    0.000    0.000        0    0.000    0.000    0.000    0.000    0.000
 -73.990   40.820        0    0.000    0.000    0.000    0.000    0.000        0    0.000    0.000    0.000    0.000    0.000
 -73.990   40.830        0    0.000    0.000    0.000    0.000    0.000        0    0.000    0.000    0.000    0.000    0.000
 -73.990   40.840        0    0.000    0.000    0.000    0.000    0.000        0    0.000    0.000    0.000    0.000    0.000
 -73.990   40.850        0    0.000    0.000    0.000    0.000    0.000        0    0.000    0.000    0.000    0.000    0.000
 -73.990   40.860        0    0.000    0.000    0.000    0.000    0.000        0    0.000    0.000    0.000    0.000    0.000
 -73.990   40.870        0    0.000    0.000    0.000    0.000    0.000        0    0.000    0.000    0.000    0.000    0.000
 -73.980   40.680      656   13.669    1.912    5.574    0.656    0.140      501   15.108    1.888    5.421    0.563    0.125
 -73.980   40.690      114   11.811    1.356    5.510    0.534    0.115      284   13.511    1.650    5.025    0.585    0.122
 -73.980   40.700        2   13.750    3.880    4.218    1.248    0.282       20   20.475    3.115    4.342    0.656    0.152
 -73.980   40.710      674   11.563    1.118    5.372    0.497    0.097      754   11.610    1.031    4.853    0.422    0.089
 -73.980   40.720     2823   10.451    1.338    5.277    0.660    0.128     1696    9.255    0.939    5.677    0.547    0.101
 -73.980   40.730     8152   10.084    1.327    6.063    0.781    0.132     8383    9.950    1.062    6.289    0.653    0.107
 -73.980   40.740    37355    9.426    1.290    7.078    0.990    0.137    24012    9.617    1.215    7.283    0.923    0.126
 -73.980   40.750    62736    9.200    1.187    7.646    1.027    0.129   112214    9.941    1.394    6.920    0.986    0.140
 -73.980   40.760    27796    9.156    1.120    7.028    0.861    0.122    67683    9.631    1.316    6.860    0.925    0.137
 -73.980   40.770    10530    9.370    1.288    6.011    0.811    0.137     7708    8.716    1.093    6.014    0.730    0.125
 -73.980   40.780    24153    9.893    1.311    5.825    0.760    0.133    17974    8.114    0.987    6.160    0.762    0.122
 -73.980   40.790    13856   10.676    1.382    5.724    0.713    0.129     7635    8.379    1.005    6.444    0.762    0.120
 -73.980   40.800       11   13.000    2.009    6.884    0.667    0.155       89    9.497    1.200    5.722    0.594    0.126
 -73.980   40.810        0    0.000    0.000    0.000    0.000    0.000        0    0.000    0.000    0.000    0.000    0.000
 -73.980   40.820        0    0.000    0.000    0.000    0.000    0.000        0    0.000    0.000    0.000    0.000    0.000
 -73.980   40.830        0    0.000    0.000    0.000    0.000    0.000        0    0.000    0.000    0.000    0.000    0.000
 -73.980   40.840        0    0.000    0.000    0.000    0.000    0.000        0    0.000    0.000    0.000    0.000    0.000
 -73.980   40.850        0    0.000    0.000    0.000    0.000    0.000        0    0.000    0.000    0.000    0.000    0.000
 -73.980   40.860        0    0.000    0.000    0.000    0.000    0.000        0    0.000    0.000    0.000    0.000    0.000
 -73.980   40.870        0    0.000    0.000    0.000    0.000    0.000        0    0.000    0.000    0.000    0.000    0.000
 -73.970   40.680      201   11.493    1.552    5.865    0.616    0.135      196   14.737    1.965    4.938    0.589    0.133
 -73.970   40.690      199   12.641    1.828    5.092    0.701    0.145      275   15.182    1.984    4.736    0.647    0.131
 -73.970   40.700       40   14.593    2.515    9.073    0.709    0.172      171   15.258    1.380    5.284    0.432    0.090
 -73.970   40.710      369   13.682    1.917    6.382    0.736    0.140      616   14.632    1.926    5.301    0.549    0.132
 -73.970   40.720       13   14.731    2.899    5.479    1.009    0.197       50   17.470    2.881    4.699    0.706    0.165
 -73.970   40.730        7    9.714    1.343    6.654    0.426    0.138       13   12.846    1.755    5.957    0.625    0.137
 -73.970   40.740      283    9.082    1.115    7.516    0.796    0.123     1196   10.794    1.189    5.815    0.615    0.110
 -73.970   40.750    31531    9.619    1.172    7.530    0.903    0.122    19448    9.410    1.173    7.329    0.864    0.125
 -73.970   40.760    53417    8.788    1.112    7.285    0.882    0.127    42356    9.108    1.158    7.314    0.881    0.127
 -73.970   40.770    26784    9.276    1.135    6.958    0.840    0.122    23526    8.523    1.020    6.633    0.778    0.120
 -73.970   40.780     5819    9.946    1.303    5.860    0.739    0.131     5605    8.987    1.008    6.182    0.704    0.112
 -73.970   40.790    13477   10.442    1.300    5.674    0.676    0.124     6216    8.472    0.973    6.187    0.694    0.115
 -73.970   40.800     8813   11.638    1.483    5.938    0.757    0.127     9208   10.026    1.254    5.828    0.739    0.125
 -73.970   40.810      667   12.010    1.590    5.390    0.630    0.132     1634   10.873    1.436    5.327    0.642    0.132
 -73.970   40.820        0    0.000    0.000    0.000    0.000    0.000        0    0.000    0.000    0.000    0.000    0.000
 -73.970   40.830        0    0.000    0.000    0.000    0.000    0.000        0    0.000    0.000    0.000    0.000    0.000
 -73.970   40.840        0    0.000    0.000    0.000    0.000    0.000        0    0.000    0.000    0.000    0.000    0.000
 -73.970   40.850        0    0.000    0.000    0.000    0.000    0.000        0    0.000    0.000    0.000    0.000    0.000
 -73.970   40.860        0    0.000    0.000    0.000    0.000    0.000        0    0.000    0.000    0.000    0.000    0.000
 -73.970   40.870        0    0.000    0.000    0.000    0.000    0.000        0    0.000    0.000    0.000    0.000    0.000
 -73.960   40.680       69   13.732    1.492    5.159    0.557    0.109      122   17.952    1.661    4.390    0.351    0.093
 -73.960   40.690       66   12.502    1.329    5.630    0.538    0.106      117   19.158    2.161    4.690    0.499    0.113
 -73.960   40.700       98   13.890    1.321    5.834    0.475    0.095      176   15.322    1.361    5.083    0.499    0.089
 -73.960   40.710      720   13.655    1.965    5.810    0.736    0.144      618   13.604    1.706    5.469    0.679    0.125
 -73.960   40.720      209   12.195    1.904    5.192    0.827    0.156      458   15.439    2.113    4.334    0.592    0.137
 -73.960   40.730      181   12.670    2.067    4.980    0.699    0.163      282   15.007    1.907    4.320    0.599    0.127
 -73.960   40.740      658   14.238    2.520    5.669    0.974    0.177      598   11.837    1.796    5.106    0.725    0.152
 -73.960   40.750      557   10.660    1.455    6.481    0.835    0.136      652   10.547    1.258    6.523    0.739    0.119
 -73.960   40.760    35026   11.308    1.470    6.132    0.780    0.130    28063   10.212    1.217    6.710    0.776    0.119
 -73.960   40.770    46808   10.570    1.377    6.375    0.798    0.130    30279    7.793    0.938    6.991    0.825    0.120
 -73.960   40.780    32168   10.932    1.381    6.433    0.783    0.126    27795    8.932    1.095    6.455    0.772    0.123
 -73.960   40.790     2438   10.822    1.381    5.746    0.697    0.128     2896    9.671    1.053    5.942    0.598    0.109
 -73.960   40.800     3422   10.206    1.266    6.118    0.664    0.124     2672   10.033    1.049    6.084    0.550    0.105
 -73.960   40.810     1867   10.965    1.205    5.655    0.554    0.110     1767   10.656    1.113    5.699    0.486    0.104
 -73.960   40.820     1221   14.284    1.602    4.733    0.484    0.112      520   12.585    1.191    5.015    0.407    0.095
 -73.960   40.830        0    0.000    0.000    0.000    0.000    0.000        0    0.000    0.000    0.000    0.000    0.000
 -73.960   40.840        0    0.000    0.000    0.000    0.000    0.000        0    0.000    0.000    0.000    0.000    0.000
 -73.960   40.850        0    0.000    0.000    0.000    0.000    0.000        0    0.000    0.000    0.000    0.000    0.000
 -73.960   40.860        0    0.000    0.000    0.000    0.000    0.000        0    0.000    0.000    0.000    0.000    0.000
 -73.960   40.870        0    0.000    0.000    0.000    0.000    0.000        0    0.000    0.000    0.000    0.000    0.000
 -73.950   40.680       32   13.141    1.775    5.051    0.606    0.135       64   18.008    1.455    4.335    0.385    0.081
 -73.950   40.690       25   13.360    1.532    5.170    0.375    0.115       87   20.023    1.871    4.125    0.422    0.093
 -73.950   40.700       46   14.424    2.186    5.635    0.886    0.152      160   17.169    1.810    4.365    0.447    0.105
 -73.950   40.710      113   13.398    1.926    5.434    0.704    0.144      216   14.482    2.010    4.674    0.597    0.139
 -73.950   40.720      108   11.546    1.989    5.363    0.870    0.172      267   16.140    2.667    4.345    0.689    0.165
 -73.950   40.730       21   30.881    4.281   10.073    1.365    0.139      113   14.717    2.501    4.706    0.856    0.170
 -73.950   40.740      442   11.457    1.453    6.621    1.015    0.127     1079   10.848    1.508    5.519    0.819    0.139
 -73.950   40.750      936   10.491    0.913    5.301    0.442    0.087     1020    8.776    1.015    5.819    0.634    0.116
 -73.950   40.760      164   13.003    1.620    6.228    0.800    0.125      290   10.373    1.277    6.779    0.905    0.123
 -73.950   40.770    14799   11.355    1.474    5.850    0.699    0.130     7007    8.788    1.020    6.906    0.733    0.116
 -73.950   40.780     9851   11.611    1.440    5.630    0.675    0.124     4763    9.002    0.955    5.964    0.625    0.106
 -73.950   40.790     3349   10.757    1.002    5.850    0.464    0.093     2669    8.858    0.751    5.770    0.457    0.085
 -73.950   40.800     1852   10.775    1.135    5.759    0.523    0.105     2547   10.043    1.020    5.492    0.498    0.102
 -73.950   40.810      877   11.147    1.045    6.785    0.600    0.094     1099   12.156    1.013    5.812    0.503    0.083
 -73.950   40.820      715   12.228    1.170    5.419    0.530    0.096      870   12.470    1.133    5.297    0.511    0.091
 -73.950   40.830      823   14.361    1.691    4.756    0.484    0.118      629   17.712    1.669    4.408    0.346    0.094
 -73.950   40.840      258   17.648    2.395    5.094    0.464    0.136     1936   21.034    2.637    3.697    0.446    0.125
 -73.950   40.850        9   15.556    2.806    4.099    0.711    0.180       20   21.425    2.513    3.334    0.361    0.117
 -73.950   40.860        0    0.000    0.000    0.000    0.000    0.000        0    0.000    0.000    0.000    0.000    0.000
 -73.950   40.870        0    0.000    0.000    0.000    0.000    0.000        0    0.000    0.000    0.000    0.000    0.000
 -73.940   40.680        8   18.625    2.025    4.611    0.347    0.109       35   19.663    1.695    3.970    0.417    0.086
 -73.940   40.690       38   15.211    1.767    5.126    0.472    0.116       89   19.766    1.761    4.247    0.370    0.089
 -73.940   40.700       44   14.227    1.994    4.725    0.657    0.140      116   19.625    2.093    4.257    0.485    0.107
 -73.940   40.710       10   15.100    1.908    4.435    0.595    0.126       87   18.351    2.618    4.205    0.615    0.143
 -73.940   40.720        6   21.667    5.338    4.287    1.085    0.246       48   18.240    2.191    4.286    0.502    0.120
 -73.940   40.730       25   26.440    2.285    7.053    0.705    0.086      112   13.944    1.490    5.105    0.538    0.107
 -73.940   40.740      236   12.212    1.269    6.146    0.554    0.104      834   11.375    1.257    5.710    0.583    0.110
 -73.940   40.750     1084   12.008    1.275    6.206    0.495    0.106      855    9.115    0.894    6.440    0.492    0.098
 -73.940   40.760      919   11.401    1.318    5.370    0.602    0.116      297    8.695    0.632    5.867    0.350    0.073
 -73.940   40.770       17   17.500    2.529    4.269    0.535    0.145       64   10.562    0.767    5.404    0.325    0.073
 -73.940   40.780       24   10.896    0.685    8.023    0.422    0.063       75   11.540    0.650    5.158    0.299    0.056
 -73.940   40.790     1529   10.426    0.915    6.083    0.450    0.088     1571   10.308    0.884    5.141    0.387    0.086
 -73.940   40.800     1629   10.587    0.863    5.916    0.500    0.082     3349    9.996    1.158    4.974    0.581    0.116
 -73.940   40.810      611   10.637    0.970    6.050    0.440    0.091      507   12.759    1.078    5.155    0.345    0.084
 -73.940   40.820      156   11.308    0.805    9.065    0.321    0.071      218   14.083    1.082    7.115    0.308    0.077
 -73.940   40.830        7   15.357    1.589    4.795    0.299    0.103      118   17.669    1.090    4.941    0.249    0.062
 -73.940   40.840      348   16.225    1.785    4.971    0.440    0.110      655   19.307    2.065    4.229    0.381    0.107
 -73.940   40.850      167   14.621    1.758    5.723    0.494    0.120      334   21.273    1.970    3.833    0.313    0.093
 -73.940   40.860        3   25.333    5.117    3.367    0.608    0.202       13   19.423    2.103    3.307    0.275    0.108
 -73.940   40.870        0    0.000    0.000    0.000    0.000    0.000        0    0.000    0.000    0.000    0.000    0.000
 -73.930   40.680       19   10.316    0.900    4.877    0.290    0.087       47   19.670    1.735    4.318    0.321    0.088
 -73.930   40.690       24   12.438    1.509    5.718    0.524    0.121       67   20.090    2.096    4.355    0.391    0.104
 -73.930   40.700       24   13.175    1.828    5.218    0.718    0.139       93   21.755    3.164    4.178    0.565    0.145
 -73.930   40.710        0    0.000    0.000    0.000    0.000    0.000        0    0.000    0.000    0.000    0.000    0.000
 -73.930   40.720        6   19.500    2.392    5.465    0.728    0.123       15   14.533    1.301    4.276    0.341    0.090
 -73.930   40.730       57   18.939    2.698    6.532    0.827    0.142       69   14.681    1.129    4.861    0.406    0.077
 -73.930   40.740     1524   13.788    1.572    5.395    0.596    0.114      383   10.809    0.924    6.125    0.419    0.085
 -73.930   40.750      304   11.713    1.267    5.617    0.585    0.108      579    9.908    1.126    5.625    0.623    0.114
 -73.930   40.760     1617   13.695    1.720    5.193    0.573    0.126      673   11.230    1.191    5.797    0.526    0.106
 -73.930   40.770      747   13.457    1.861    5.112    0.667    0.138      164   13.104    1.418    4.969    0.459    0.108
 -73.930   40.780        4   45.688   10.793    9.497    1.933    0.236       10   20.651    4.695    5.021    0.583    0.227
 -73.930   40.790       30   15.400    2.479    8.299    1.314    0.161       60   16.942    2.140    4.660    0.546    0.126
 -73.930   40.800       63   14.230    0.926    5.547    0.500    0.065      113   14.358    1.207    4.227    0.315    0.084
 -73.930   40.810      176   12.760    0.554    5.007    0.178    0.043      340   14.662    1.605    4.559    0.419    0.109
 -73.930   40.820       74   10.291    0.370   11.381    0.163    0.036      233   18.434    2.388    5.917    0.437    0.130
 -73.930   40.830       28   10.114    0.463    5.530    0.312    0.046       77   18.019    1.062    4.157    0.198    0.059
 -73.930   40.840       12   14.458    0.167    4.377    0.084    0.012       49   24.408    1.453    3.471    0.225    0.060
 -73.930   40.850       12   13.958    1.526    5.303    0.691    0.109      100   22.420    1.983    3.979    0.268    0.088
 -73.930   40.860       70   18.879    1.933    5.143    0.301    0.102      186   21.465    1.963    3.797    0.342    0.091
 -73.930   40.870        0    0.000    0.000    0.000    0.000    0.000        0    0.000    0.000    0.000    0.000    0.000
 -73.920   40.680        8   15.125    0.875    4.971    0.147    0.058       40   24.387    1.305    4.042    0.230    0.054
 -73.920   40.690        4   15.250    1.137    4.919    0.232    0.075       42   23.607    2.356    4.124    0.421    0.100
 -73.920   40.700        1   25.000    5.000    4.902    0.980    0.200       43   24.772    3.071    3.975    0.457    0.124
 -73.920   40.710        1    8.500    0.000    4.474    0.000    0.000       13   24.000    3.835    3.690    0.604    0.160
 -73.920   40.720        3   23.670    0.000    4.799    0.000    0.000       25   14.700    1.916    3.972    0.471    0.130
 -73.920   40.730       22   31.637    3.653    6.340    0.653    0.115       38   16.505    1.471    4.513    0.423    0.089
 -73.920   40.740     1343   14.721    1.697    5.149    0.524    0.115      317   12.794    1.359    5.850    0.417    0.106
 -73.920   40.750      283   10.914    1.168    5.446    0.517    0.107      418   10.108    1.061    5.648    0.569    0.105
 -73.920   40.760      546   11.854    1.199    5.490    0.547    0.101      471   13.370    1.387    5.509    0.448    0.104
 -73.920   40.770      486   14.811    2.017    5.254    0.534    0.136      447    9.431    1.059    6.557    0.792    0.112
 -73.920   40.780       43   11.419    1.593    5.553    0.696    0.140       88   16.661    1.105    4.491    0.319    0.066
 -73.920   40.790        7   24.243    3.353    7.432    0.906    0.138       30   16.957    2.653    3.564    0.501    0.156
 -73.920   40.800       15   12.200    0.195    4.699    0.160    0.016       98   14.446    1.109    4.088    0.275    0.077
 -73.920   40.810       47   12.777    0.424    4.975    0.110    0.033      134   15.944    1.290    4.488    0.265    0.081
 -73.920   40.820       34   11.574    1.153    5.601    0.414    0.100       87   16.574    1.569    4.247    0.322    0.095
 -73.920   40.830       28   11.357    0.344    4.259    0.141    0.030       61   18.533    1.140    3.998    0.227    0.061
 -73.920   40.840       18   13.472    0.222    5.327    0.015    0.016      112   20.667    1.345    3.708    0.226    0.065
 -73.920   40.850        5   11.100    0.000    5.003    0.000    0.000       30   23.700    1.815    3.374    0.215    0.077
 -73.920   40.860       11   18.273    0.950    5.365    0.249    0.052       63   20.540    1.953    4.400    0.324    0.095
 -73.920   40.870       16   14.969    2.196    6.645    0.649    0.147      131   26.143    3.496    3.241    0.409    0.134
 -73.910   40.680        1   30.500    0.000    3.547    0.000    0.000       14   25.429    1.907    3.501    0.254    0.075
 -73.910   40.690        1   14.500    0.000    4.407    0.000    0.000       30   24.550    2.295    3.847    0.333    0.093
 -73.910   40.700        1   28.000    7.200    3.402    0.875    0.257       19   24.642    3.683    3.576    0.567    0.149
 -73.910   40.710        1   12.500    5.000    4.340    1.736    0.400       21   21.214    2.517    3.582    0.385    0.119
 -73.910   40.720       12   28.167    4.990    5.672    1.028    0.177       28   20.161    1.888    3.845    0.286    0.094
 -73.910   40.730        7   15.857    0.000    6.362    0.000    0.000       42   18.476    0.900    4.324    0.159    0.049
 -73.910   40.740      564   13.614    1.093    5.420    0.488    0.080      278   10.574    0.863    5.821    0.651    0.082
 -73.910   40.750      124   12.250    0.737    5.102    0.315    0.060      141   14.574    1.596    4.697    0.438    0.110
 -73.910   40.760      143   10.397    1.279   14.463    0.555    0.123      170   13.849    1.630   12.112    0.355    0.118
 -73.910   40.770      256    9.884    1.364    6.683    0.827    0.138      150   13.885    1.499    5.298    0.571    0.108
 -73.910   40.780        1   22.500    3.000    3.237    0.432    0.133        1    4.500    0.000    5.556    0.000    0.000
 -73.910   40.790        0    0.000    0.000    0.000    0.000    0.000        0    0.000    0.000    0.000    0.000    0.000
 -73.910   40.800        4    6.125    0.000    2.756    0.000    0.000       44   21.795    2.700    3.612    0.386    0.124
 -73.910   40.810       14   13.179    0.404    6.109    0.151    0.031       72   18.153    1.163    4.184    0.231    0.064
 -73.910   40.820       32   10.688    0.514    6.916    0.252    0.048       83   21.990    1.528    4.399    0.265    0.070
 -73.910   40.830       14   10.679    0.394    7.609    0.364    0.037       68   21.285    2.046    4.281    0.285    0.096
 -73.910   40.840       10   10.050    0.632    6.059    0.298    0.063       50   23.960    2.573    3.360    0.390    0.107
 -73.910   40.850       10   13.700    0.350    5.177    0.197    0.026       33   25.894    1.052    3.626    0.134    0.041
 -73.910   40.860       12   17.458    1.647    6.184    0.396    0.094       90   26.924    3.060    3.309    0.360    0.114
 -73.910   40.870       10   15.450    2.327    4.314    0.435    0.151       41   29.073    2.115    3.223    0.208    0.073
