LONGITUD LATITUDE NUM_PICK FARE_PIC TIP_PICK FPD_PICK TPD_PICK TPF_PICK NUM_DROP FARE_DRO FARE_TIP FPD_DROP TPD_DROP TPF_DROP
 -74.050   40.680        0    0.000    0.000    0.000    0.000    0.000        0    0.000    0.000    0.000    0.000    0.000
 -74.050   40.690        0    0.000    0.000    0.000    0.000    0.000        0    0.000    0.000    0.000    0.000    0.000
 -74.050   40.700        0    0.000    0.000    0.000    0.000    0.000        0    0.000    0.000    0.000    0.000    0.000
 -74.050   40.710        5   30.200    5.862  104.564   20.742    0.194       23   37.503    5.592   29.861    5.578    0.149
 -74.050   40.720        1    2.500    0.750    3.571    1.071    0.300       28   43.071    4.204   11.143    1.186    0.098
 -74.050   40.730        7   25.929    2.737   74.698    5.098    0.106        5   39.500    1.000   20.625    1.111    0.025
 -74.050   40.740        2   25.000    0.000  250.000    0.000    0.000       12   33.063   12.921   79.402    4.538    0.391
 -74.050   40.750        2   55.000    0.025   87.500    0.031    0.000        7   46.571    0.721   30.899    0.168    0.015
 -74.050   40.760        0    0.000    0.000    0.000    0.000    0.000        0    0.000    0.000    0.000    0.000    0.000
 -74.050   40.770        0    0.000    0.000    0.000    0.000    0.000        0    0.000    0.000    0.000    0.000    0.000
 -74.050   40.780        1   60.000    0.000   15.000    0.000    0.000        5   49.000    4.720    7.835    0.629    0.096
 -74.050   40.790        0    0.000    0.000    0.000    0.000    0.000        0    0.000    0.000    0.000    0.000    0.000
 -74.050   40.800        0    0.000    0.000    0.000    0.000    0.000        0    0.000    0.000    0.000    0.000    0.000
 -74.050   40.810        0    0.000    0.000    0.000    0.000    0.000        0    0.000    0.000    0.000    0.000    0.000
 -74.050   40.820        0    0.000    0.000    0.000    0.000    0.000        0    0.000    0.000    0.000    0.000    0.000
 -74.050   40.830        0    0.000    0.000    0.000    0.000    0.000        0    0.000    0.000    0.000    0.000    0.000
 -74.050   40.840        0    0.000    0.000    0.000    0.000    0.000        0    0.000    0.000    0.000    0.000    0.000
 -74.050   40.850        0    0.000    0.000    0.000    0.000    0.000        0    0.000    0.000    0.000    0.000    0.000
 -74.050   40.860        0    0.000    0.000    0.000    0.000    0.000        0    0.000    0.000    0.000    0.000    0.000
 -74.050   40.870        0    0.000    0.000    0.000    0.000    0.000        0    0.000    0.000    0.000    0.000    0.000
 -74.040   40.680        0    0.000    0.000    0.000    0.000    0.000        0    0.000    0.000    0.000    0.000    0.000
 -74.040   40.690        0    0.000    0.000    0.000    0.000    0.000        0    0.000    0.000    0.000    0.000    0.000
 -74.040   40.700        0    0.000    0.000    0.000    0.000    0.000        0    0.000    0.000    0.000    0.000    0.000
 -74.040   40.710        2   27.375    0.000    5.951    0.000    0.000       22   45.691    5.759    8.372    1.053    0.126
 -74.040   40.720        9   15.390   17.894    4.864    1.008    1.163       33   31.967    7.519    8.646    1.116    0.235
 -74.040   40.730        4   51.250    7.612   27.823    4.308    0.149       37   42.161    7.299   11.653    1.745    0.173
 -74.040   40.740        6   37.000    4.600   36.127    6.930    0.124       48   46.515    6.124   15.068    2.354    0.132
 -74.040   40.750        2   49.000   11.025  318.571   58.607    0.225       15   40.187    5.585   47.497    8.001    0.139
 -74.040   40.760        2    9.500    0.000    1.638    0.000    0.000        2   36.500    0.000    7.638    0.000    0.000
 -74.040   40.770        1    0.010    0.000    0.005    0.000    0.000        4   55.500   10.488    7.151    0.987    0.189
 -74.040   40.780        0    0.000    0.000    0.000    0.000    0.000        0    0.000    0.000    0.000    0.000    0.000
 -74.040   40.790        0    0.000    0.000    0.000    0.000    0.000        0    0.000    0.000    0.000    0.000    0.000
 -74.040   40.800        0    0.000    0.000    0.000    0.000    0.000        0    0.000    0.000    0.000    0.000    0.000
 -74.040   40.810        0    0.000    0.000    0.000    0.000    0.000        0    0.000    0.000    0.000    0.000    0.000
 -74.040   40.820        0    0.000    0.000    0.000    0.000    0.000        0    0.000    0.000    0.000    0.000    0.000
 -74.040   40.830        0    0.000    0.000    0.000    0.000    0.000        0    0.000    0.000    0.000    0.000    0.000
 -74.040   40.840        0    0.000    0.000    0.000    0.000    0.000        0    0.000    0.000    0.000    0.000    0.000
 -74.040   40.850        0    0.000    0.000    0.000    0.000    0.000        0    0.000    0.000    0.000    0.000    0.000
 -74.040   40.860        0    0.000    0.000    0.000    0.000    0.000        0    0.000    0.000    0.000    0.000    0.000
 -74.040   40.870        0    0.000    0.000    0.000    0.000    0.000        0    0.000    0.000    0.000    0.000    0.000
 -74.030   40.680        0    0.000    0.000    0.000    0.000    0.000        0    0.000    0.000    0.000    0.000    0.000
 -74.030   40.690        0    0.000    0.000    0.000    0.000    0.000        0    0.000    0.000    0.000    0.000    0.000
 -74.030   40.700        0    0.000    0.000    0.000    0.000    0.000        0    0.000    0.000    0.000    0.000    0.000
 -74.030   40.710        0    0.000    0.000    0.000    0.000    0.000        0    0.000    0.000    0.000    0.000    0.000
 -74.030   40.720        0    0.000    0.000    0.000    0.000    0.000        0    0.000    0.000    0.000    0.000    0.000
 -74.030   40.730        2   38.750    0.000   23.994    0.000    0.000        9   44.278    7.482   12.471    1.435    0.169
 -74.030   40.740        4   28.000    0.000  166.250    0.000    0.000       14   37.929    5.001   56.657    2.098    0.132
 -74.030   40.750        8   17.875    1.506  116.246    0.260    0.084       19   37.447    4.477   55.575    0.975    0.120
 -74.030   40.760        4   38.500    7.888   17.028    4.258    0.205       15   40.467    5.647   11.323    1.651    0.140
 -74.030   40.770        6   16.983    0.500   24.123    0.161    0.029       12   31.996    1.825    8.173    0.433    0.057
 -74.030   40.780        0    0.000    0.000    0.000    0.000    0.000        0    0.000    0.000    0.000    0.000    0.000
 -74.030   40.790        0    0.000    0.000    0.000    0.000    0.000        0    0.000    0.000    0.000    0.000    0.000
 -74.030   40.800        0    0.000    0.000    0.000    0.000    0.000        0    0.000    0.000    0.000    0.000    0.000
 -74.030   40.810        0    0.000    0.000    0.000    0.000    0.000        0    0.000    0.000    0.000    0.000    0.000
 -74.030   40.820        0    0.000    0.000    0.000    0.000    0.000        0    0.000    0.000    0.000    0.000    0.000
 -74.030   40.830        0    0.000    0.000    0.000    0.000    0.000        0    0.000    0.000    0.000    0.000    0.000
 -74.030   40.840        0    0.000    0.000    0.000    0.000    0.000        0    0.000    0.000    0.000    0.000    0.000
 -74.030   40.850        0    0.000    0.000    0.000    0.000    0.000        0    0.000    0.000    0.000    0.000    0.000
 -74.030   40.860        0    0.000    0.000    0.000    0.000    0.000        0    0.000    0.000    0.000    0.000    0.000
 -74.030   40.870        0    0.000    0.000    0.000    0.000    0.000        0    0.000    0.000    0.000    0.000    0.000
 -74.020   40.680        0    0.000    0.000    0.000    0.000    0.000        0    0.000    0.000    0.000    0.000    0.000
 -74.020   40.690        0    0.000    0.000    0.000    0.000    0.000        0    0.000    0.000    0.000    0.000    0.000
 -74.020   40.700      956   14.594    1.739    4.561    0.480    0.119     2576   12.921    1.474    4.416    0.489    0.114
 -74.020   40.710      899   12.263    1.596    4.514    0.641    0.130     1849   11.707    1.602    4.304    0.606    0.137
 -74.020   40.720      224   11.961    1.656    5.216    0.726    0.138      336    9.779    1.395    4.801    0.743    0.143
 -74.020   40.730       40   18.293    1.654    5.188    1.424    0.090        8   14.875    1.745   25.064    4.515    0.117
 -74.020   40.740        0    0.000    0.000    0.000    0.000    0.000        0    0.000    0.000    0.000    0.000    0.000
 -74.020   40.750        0    0.000    0.000    0.000    0.000    0.000        0    0.000    0.000    0.000    0.000    0.000
 -74.020   40.760        1    5.500    1.000    5.000    0.909    0.182        3   30.500    7.387    8.736    2.045    0.242
 -74.020   40.770        1    2.500   49.000    0.625   12.250   19.600       10   43.670    9.085   21.427    2.040    0.208
 -74.020   40.780        0    0.000    0.000    0.000    0.000    0.000        0    0.000    0.000    0.000    0.000    0.000
 -74.020   40.790        1   10.000    1.200    3.448    0.414    0.120        1   16.500    3.560    3.300    0.712    0.216
 -74.020   40.800        0    0.000    0.000    0.000    0.000    0.000        0    0.000    0.000    0.000    0.000    0.000
 -74.020   40.810        0    0.000    0.000    0.000    0.000    0.000        0    0.000    0.000    0.000    0.000    0.000
 -74.020   40.820        0    0.000    0.000    0.000    0.000    0.000        0    0.000    0.000    0.000    0.000    0.000
 -74.020   40.830        0    0.000    0.000    0.000    0.000    0.000        0    0.000    0.000    0.000    0.000    0.000
 -74.020   40.840        0    0.000    0.000    0.000    0.000    0.000        0    0.000    0.000    0.000    0.000    0.000
 -74.020   40.850        0    0.000    0.000    0.000    0.000    0.000        0    0.000    0.000    0.000    0.000    0.000
 -74.020   40.860        0    0.000    0.000    0.000    0.000    0.000        0    0.000    0.000    0.000    0.000    0.000
 -74.020   40.870        0    0.000    0.000    0.000    0.000    0.000        0    0.000    0.000    0.000    0.000    0.000
 -74.010   40.680       22   14.341    1.080    3.860    0.236    0.075      165   16.315    1.726    3.929    0.415    0.106
 -74.010   40.690        0    0.000    0.000    0.000    0.000    0.000        0    0.000    0.000    0.000    0.000    0.000
 -74.010   40.700     1603   13.890    1.837    4.621    0.662    0.132     2822   12.659    1.673    4.268    0.603    0.132
 -74.010   40.710     2878   12.228    1.427    4.681    0.882    0.117     2009    9.899    1.265    5.171    1.114    0.128
 -74.010   40.720     3741   12.390    1.353    5.230    0.628    0.109     3068    9.101    1.338    5.940    0.813    0.147
 -74.010   40.730     8830   12.034    1.306    5.210    0.585    0.109     3715    7.933    1.071    6.968    0.840    0.135
 -74.010   40.740     9899   11.230    1.249    4.941    0.600    0.111     3728    8.387    1.003    5.964    0.717    0.120
 -74.010   40.750     1615   11.120    1.170    5.102    0.530    0.105     1857    7.777    0.754    5.683    0.455    0.097
 -74.010   40.760       51   10.690    1.343    4.776    0.633    0.126       89    9.304    0.981    4.584    0.417    0.105
 -74.010   40.770        0    0.000    0.000    0.000    0.000    0.000        0    0.000    0.000    0.000    0.000    0.000
 -74.010   40.780        4   17.550    4.018    9.217    3.844    0.229       13   31.631    2.702    6.767    1.467    0.085
 -74.010   40.790        1    0.000    0.000    0.000    0.000    0.000        6   27.133   10.258    3.874    1.523    0.378
 -74.010   40.800        0    0.000    0.000    0.000    0.000    0.000        0    0.000    0.000    0.000    0.000    0.000
 -74.010   40.810        0    0.000    0.000    0.000    0.000    0.000        0    0.000    0.000    0.000    0.000    0.000
 -74.010   40.820        0    0.000    0.000    0.000    0.000    0.000        0    0.000    0.000    0.000    0.000    0.000
 -74.010   40.830        0    0.000    0.000    0.000    0.000    0.000        0    0.000    0.000    0.000    0.000    0.000
 -74.010   40.840        0    0.000    0.000    0.000    0.000    0.000        0    0.000    0.000    0.000    0.000    0.000
 -74.010   40.850        0    0.000    0.000    0.000    0.000    0.000        0    0.000    0.000    0.000    0.000    0.000
 -74.010   40.860        0    0.000    0.000    0.000    0.000    0.000        0    0.000    0.000    0.000    0.000    0.000
 -74.010   40.870        1   98.000   10.000 1400.000  142.857    0.102        3   77.667    4.333  477.211   47.823    0.056
 -74.000   40.680      415   15.066    1.733    4.056    0.404    0.115      519   16.574    2.341    3.700    0.514    0.141
 -74.000   40.690      248   16.997    1.785    4.347    0.439    0.105      605   15.146    1.834    4.007    0.440    0.121
 -74.000   40.700       46   14.554    2.506    5.410    0.675    0.172      103   13.589    1.556    4.428    0.457    0.114
 -74.000   40.710     3304   11.687    1.358    5.079    0.607    0.116     2293    9.510    0.960    5.652    0.576    0.101
 -74.000   40.720     8166   11.500    1.331    5.181    0.616    0.116     3774    8.429    1.057    6.722    0.785    0.125
 -74.000   40.730     5815   10.590    1.236    4.887    0.607    0.117     5005    7.524    0.971    5.772    0.753    0.129
 -74.000   40.740     7186   10.026    1.050    5.440    0.586    0.105     8073    7.864    1.005    5.777    0.691    0.128
 -74.000   40.750    11019    8.828    0.734    5.962    0.458    0.083    10491    8.109    0.949    5.475    0.611    0.117
 -74.000   40.760     5996   11.053    1.193    5.509    0.536    0.108     4171    8.945    1.001    6.326    0.554    0.112
 -74.000   40.770      315   10.894    1.458    4.777    0.656    0.134      405    8.968    0.854    5.482    0.481    0.095
 -74.000   40.780        0    0.000    0.000    0.000    0.000    0.000        0    0.000    0.000    0.000    0.000    0.000
 -74.000   40.790        0    0.000    0.000    0.000    0.000    0.000        0    0.000    0.000    0.000    0.000    0.000
 -74.000   40.800        0    0.000    0.000    0.000    0.000    0.000        0    0.000    0.000    0.000    0.000    0.000
 -74.000   40.810        0    0.000    0.000    0.000    0.000    0.000        0    0.000    0.000    0.000    0.000    0.000
 -74.000   40.820        1    9.500    2.100    4.524    1.000    0.221        1   60.000    0.000    5.222    0.000    0.000
 -74.000   40.830        0    0.000    0.000    0.000    0.000    0.000        0    0.000    0.000    0.000    0.000    0.000
 -74.000   40.840        0    0.000    0.000    0.000    0.000    0.000        0    0.000    0.000    0.000    0.000    0.000
 -74.000   40.850        0    0.000    0.000    0.000    0.000    0.000        0    0.000    0.000    0.000    0.000    0.000
 -74.000   40.860        0    0.000    0.000    0.000    0.000    0.000        0    0.000    0.000    0.000    0.000    0.000
 -74.000   40.870        0    0.000    0.000    0.000    0.000    0.000        0    0.000    0.000    0.000    0.000    0.000
 -73.990   40.680      310   14.670    1.893    4.529    0.443    0.129      495   15.483    1.733    4.174    0.433    0.112
 -73.990   40.690      411   12.624    1.513    5.760    0.477    0.120      696   14.159    1.746    4.725    0.476    0.123
 -73.990   40.700       50   15.290    1.677    3.892    0.378    0.110      203   14.468    1.656    3.764    0.412    0.114
 -73.990   40.710     3502   12.583    1.334    5.039    0.516    0.106     1713   10.157    0.953    6.415    0.535    0.094
 -73.990   40.720    12776   11.536    1.297    4.977    0.580    0.112     5711    8.398    1.019    6.164    0.757    0.121
 -73.990   40.730     9987   10.227    1.124    5.060    0.597    0.110     6332    7.736    0.985    5.734    0.714    0.127
 -73.990   40.740     9900   10.107    1.051    5.361    0.585    0.104     7295    7.776    0.906    5.806    0.640    0.116
 -73.990   40.750     9387    9.859    0.870    5.601    0.502    0.088     7890    7.959    0.906    6.165    0.586    0.114
 -73.990   40.760    11017   10.846    1.072    5.697    0.520    0.099     8385    8.404    0.988    6.431    0.590    0.118
 -73.990   40.770     2645    9.865    1.214    5.205    0.588    0.123     3175    9.559    1.210    6.687    0.582    0.127
 -73.990   40.780      696   10.985    1.111    4.758    0.488    0.101      740   10.346    1.128    4.726    0.485    0.109
 -73.990   40.790        1    4.500    2.000    5.625    2.500    0.444        2   18.750    2.500    4.906    0.251    0.133
 -73.990   40.800        0    0.000    0.000    0.000    0.000    0.000        0    0.000    0.000    0.000    0.000    0.000
 -73.990   40.810        0    0.000    0.000    0.000    0.000    0.000        0    0.000    0.000    0.000    0.000    0.000
 -73.990   40.820        0    0.000    0.000    0.000    0.000    0.000        0    0.000    0.000    0.000    0.000    0.000
 -73.990   40.830        0    0.000    0.000    0.000    0.000    0.000        0    0.000    0.000    0.000    0.000    0.000
 -73.990   40.840        0    0.000    0.000    0.000    0.000    0.000        0    0.000    0.000    0.000    0.000    0.000
 -73.990   40.850        0    0.000    0.000    0.000    0.000    0.000        0    0.000    0.000    0.000    0.000    0.000
 -73.990   40.860        0    0.000    0.000    0.000    0.000    0.000        0    0.000    0.000    0.000    0.000    0.000
 -73.990   40.870        0    0.000    0.000    0.000    0.000    0.000        0    0.000    0.000    0.000    0.000    0.000
 -73.980   40.680      337   14.383    1.632    4.897    0.520    0.113      638   15.948    1.977    4.388    0.502    0.124
 -73.980   40.690       46   11.798    1.078    4.832    0.426    0.091      331   13.673    1.275    4.447    0.378    0.093
 -73.980   40.700        0    0.000    0.000    0.000    0.000    0.000        0    0.000    0.000    0.000    0.000    0.000
 -73.980   40.710       86   12.351    1.398    4.932    0.587    0.113      341    9.885    0.611    4.855    0.316    0.062
 -73.980   40.720     1715   10.953    1.088    4.790    0.502    0.099     2018    8.252    0.854    5.667    0.576    0.103
 -73.980   40.730     1338    9.520    1.325    4.913    0.705    0.139     2198    8.470    1.048    5.221    0.665    0.124
 -73.980   40.740     5600    8.872    1.012    5.491    0.708    0.114     6104    8.067    1.025    5.717    0.727    0.127
 -73.980   40.750     6013    9.182    0.938    5.534    0.581    0.102    11137    7.941    0.947    5.306    0.606    0.119
 -73.980   40.760     3466    9.945    1.075    5.769    0.674    0.108     4710    8.209    0.877    5.697    0.604    0.107
 -73.980   40.770      763    9.796    1.328   11.649    0.624    0.136     1015   10.066    1.197    4.624    0.547    0.119
 -73.980   40.780     3056    9.994    1.064    4.598    0.509    0.106     2211   11.156    1.346    4.651    0.563    0.121
 -73.980   40.790     1816   10.548    1.071    5.005    0.457    0.102     1677   12.154    1.345    4.804    0.461    0.111
 -73.980   40.800        7    9.429    1.853    4.438    0.780    0.197       26   12.558    1.432    4.018    0.443    0.114
 -73.980   40.810        0    0.000    0.000    0.000    0.000    0.000        0    0.000    0.000    0.000    0.000    0.000
 -73.980   40.820        2   22.500    4.475    4.040    0.703    0.199        3   45.833   12.140    4.062    1.124    0.265
 -73.980   40.830        0    0.000    0.000    0.000    0.000    0.000        0    0.000    0.000    0.000    0.000    0.000
 -73.980   40.840        0    0.000    0.000    0.000    0.000    0.000        0    0.000    0.000    0.000    0.000    0.000
 -73.980   40.850        0    0.000    0.000    0.000    0.000    0.000        0    0.000    0.000    0.000    0.000    0.000
 -73.980   40.860        0    0.000    0.000    0.000    0.000    0.000        0    0.000    0.000    0.000    0.000    0.000
 -73.980   40.870        0    0.000    0.000    0.000    0.000    0.000        0    0.000    0.000    0.000    0.000    0.000
 -73.970   40.680      120   10.495    0.733    5.431    0.260    0.070      608   16.409    1.723    3.977    0.416    0.105
 -73.970   40.690       64   10.859    1.063    5.134    0.364    0.098      422   14.882    1.607    3.955    0.422    0.108
 -73.970   40.700       61   14.352    1.376    4.245    0.493    0.096      284   12.380    1.447    4.389    0.492    0.117
 -73.970   40.710      637   12.119    1.389    6.001    0.594    0.115     1321   13.439    1.578    4.931    0.560    0.117
 -73.970   40.720        4   11.625    1.662    4.985    0.903    0.143       66   16.003    2.081    3.826    0.539    0.130
 -73.970   40.730        8   19.312    3.081    3.984    0.602    0.160       10   11.470    0.650    4.091    0.207    0.057
 -73.970   40.740       22   26.214    1.830  121.717    1.940    0.070       54   13.398    1.462    8.458    0.908    0.109
 -73.970   40.750     4066    9.441    1.000    5.319    0.544    0.106     3201    9.106    1.038    5.941    0.564    0.114
 -73.970   40.760     5175    9.122    0.971    5.592    0.614    0.106     4263    8.666    1.031    5.807    0.645    0.119
 -73.970   40.770     1089    8.058    0.953    5.246    0.640    0.118     1190    9.008    0.993    4.870    0.527    0.110
 -73.970   40.780      392    9.435    1.226    5.094    0.707    0.130      265   10.932    1.239    4.482    0.483    0.113
 -73.970   40.790     1799   10.381    1.125    4.681    0.458    0.108     1816   12.256    1.246    4.584    0.429    0.102
 -73.970   40.800     1530   10.886    1.212    5.281    0.609    0.111     1621   13.241    1.529    4.930    0.536    0.115
 -73.970   40.810       87   13.686    1.196    4.132    0.501    0.087      198   15.546    1.905    3.920    0.469    0.123
 -73.970   40.820        0    0.000    0.000    0.000    0.000    0.000        0    0.000    0.000    0.000    0.000    0.000
 -73.970   40.830        0    0.000    0.000    0.000    0.000    0.000        0    0.000    0.000    0.000    0.000    0.000
 -73.970   40.840        0    0.000    0.000    0.000    0.000    0.000        0    0.000    0.000    0.000    0.000    0.000
 -73.970   40.850        0    0.000    0.000    0.000    0.000    0.000        0    0.000    0.000    0.000    0.000    0.000
 -73.970   40.860        0    0.000    0.000    0.000    0.000    0.000        0    0.000    0.000    0.000    0.000    0.000
 -73.970   40.870        0    0.000    0.000    0.000    0.000    0.000        0    0.000    0.000    0.000    0.000    0.000
 -73.960   40.680      135   12.229    1.292    5.467    0.403    0.106      845   16.542    1.879    3.871    0.421    0.114
 -73.960   40.690      115   10.983    1.493    5.199    0.828    0.136      511   15.240    1.643    4.263    0.494    0.108
 -73.960   40.700      358   12.132    1.239    5.373    0.480    0.102      653   13.077    1.215    4.366    0.421    0.093
 -73.960   40.710     1790   10.815    1.335    4.975    0.592    0.123     1779   13.283    1.545    4.675    0.498    0.116
 -73.960   40.720      658   12.750    1.506    4.653    0.571    0.118      825   13.924    1.682    4.267    0.516    0.121
 -73.960   40.730      169   11.458    1.424    4.589    0.463    0.124      709   14.235    1.556    3.925    0.439    0.109
 -73.960   40.740      191   14.867    2.607    6.961    0.556    0.175      842   14.288    1.973    4.106    0.490    0.138
 -73.960   40.750       56   12.054    1.337    5.077    0.725    0.111      107   14.051    1.448    4.872    0.389    0.103
 -73.960   40.760     2815    9.584    1.108    5.637    0.592    0.116     3872    9.598    1.069    5.518    0.560    0.111
 -73.960   40.770     6860    9.556    1.112    5.215    0.598    0.116     5484    9.819    1.230    5.144    0.639    0.125
 -73.960   40.780     2149    9.239    1.078    4.850    0.548    0.117     2727   10.037    1.245    4.918    0.631    0.124
 -73.960   40.790      324    9.737    0.860    4.573    0.379    0.088      633   11.466    0.912    4.498    0.299    0.080
 -73.960   40.800      706   10.271    1.139    5.416    0.426    0.111     1565   14.803    1.532    4.570    0.401    0.104
 -73.960   40.810      643   10.349    0.793    5.275    0.303    0.077     1291   15.403    1.482    4.267    0.331    0.096
 -73.960   40.820      476   13.193    0.953    4.568    0.284    0.072     1165   17.936    1.611    3.768    0.299    0.090
 -73.960   40.830        1    4.500    0.000    6.164    0.000    0.000        1   20.500    0.000    3.060    0.000    0.000
 -73.960   40.840        0    0.000    0.000    0.000    0.000    0.000        0    0.000    0.000    0.000    0.000    0.000
 -73.960   40.850        0    0.000    0.000    0.000    0.000    0.000        0    0.000    0.000    0.000    0.000    0.000
 -73.960   40.860        0    0.000    0.000    0.000    0.000    0.000        0    0.000    0.000    0.000    0.000    0.000
 -73.960   40.870        0    0.000    0.000    0.000    0.000    0.000        0    0.000    0.000    0.000    0.000    0.000
 -73.950   40.680       49   14.398    1.474   25.851    0.463    0.102      544   18.028    1.721    5.613    0.364    0.095
 -73.950   40.690       70   12.899    1.159    4.543    0.363    0.090      761   16.015    1.432    3.964    0.382    0.089
 -73.950   40.700      275   11.434    1.036    5.245    0.491    0.091     1115   14.305    1.470    4.266    0.451    0.103
 -73.950   40.710      688   10.129    1.275    5.199    0.691    0.126     1301   13.478    1.552    4.427    0.528    0.115
 -73.950   40.720      161   11.444    1.351    5.182    0.507    0.118      919   13.273    1.670    4.137    0.524    0.126
 -73.950   40.730       15   14.700    1.087    6.040    0.299    0.074       45   14.927    1.334    3.856    0.267    0.089
 -73.950   40.740      198   12.980    1.459    4.947    0.415    0.112      486   13.795    1.655    5.587    0.654    0.120
 -73.950   40.750      581   10.807    0.617    4.498    0.230    0.057      613   11.458    0.669    4.338    0.214    0.058
 -73.950   40.760       27   14.833    2.038    4.090    0.387    0.137      284   15.604    1.548    3.636    0.320    0.099
 -73.950   40.770     1928   10.310    1.363    5.017    0.620    0.132     2225   10.455    1.201    5.089    0.544    0.115
 -73.950   40.780     2148    9.655    1.024    4.936    0.571    0.106     2726   12.043    1.190    4.318    0.384    0.099
 -73.950   40.790     1354    9.577    0.565    5.027    0.246    0.059     1868   12.575    0.983    4.448    0.288    0.078
 -73.950   40.800      512   10.970    1.027    5.475    0.373    0.094     1067   14.731    1.274    4.130    0.312    0.086
 -73.950   40.810      305    9.596    0.789    5.824    0.352    0.082     1084   17.774    1.609    4.436    0.317    0.091
 -73.950   40.820      335   10.981    0.889    5.723    0.414    0.081     1639   18.948    1.609    3.890    0.296    0.085
 -73.950   40.830      336   11.056    0.716    5.084    0.357    0.065     1187   20.356    1.822    3.619    0.326    0.090
 -73.950   40.840       49   13.571    1.117   16.890    1.966    0.082      565   21.081    2.572    4.192    0.538    0.122
 -73.950   40.850       12   15.475    2.017    5.445    0.851    0.130       45   23.104    2.126    3.221    0.289    0.092
 -73.950   40.860        0    0.000    0.000    0.000    0.000    0.000        0    0.000    0.000    0.000    0.000    0.000
 -73.950   40.870        0    0.000    0.000    0.000    0.000    0.000        0    0.000    0.000    0.000    0.000    0.000
 -73.940   40.680       18    9.778    1.151    6.539    0.253    0.118      397   18.617    1.738    3.849    0.364    0.093
 -73.940   40.690      278   10.188    1.182    5.337    0.584    0.116     1026   16.306    1.524    4.186    0.388    0.093
 -73.940   40.700      332   11.600    1.431    4.859    0.538    0.123      799   16.087    1.642    4.183    0.416    0.102
 -73.940   40.710       76    9.855    1.223    4.866    0.600    0.124      206   15.076    1.891    4.388    0.511    0.125
 -73.940   40.720       15   11.133    1.103    4.068    0.323    0.099      119   14.382    1.486    4.079    0.427    0.103
 -73.940   40.730       13   18.885    2.545    5.796    0.677    0.135      123   12.541    0.884    4.423    0.240    0.071
 -73.940   40.740      155   11.908    0.586    5.525    0.251    0.049      186   11.130    0.934    4.963    0.324    0.084
 -73.940   40.750      534   12.028    1.234   17.798    3.596    0.103      800   13.954    1.421   12.238    2.410    0.102
 -73.940   40.760      328   10.205    0.579    4.547    0.266    0.057      620   13.468    0.960    4.190    0.269    0.071
 -73.940   40.770       14   14.893    2.133    3.932    0.360    0.143      155   12.601    0.870    4.548    0.244    0.069
 -73.940   40.780        5   25.700    2.460    5.929    0.751    0.096       39   12.679    0.680    4.487    0.167    0.054
 -73.940   40.790      541   10.229    0.625    4.776    0.220    0.061     1388   13.638    0.927    4.099    0.249    0.068
 -73.940   40.800      492    9.522    0.503    5.932    0.236    0.053     1017   12.104    0.914    4.868    0.299    0.075
 -73.940   40.810      249   10.175    0.848    6.179    0.312    0.083      586   17.159    1.360    4.164    0.331    0.079
 -73.940   40.820      119    9.626    0.409    5.726    0.223    0.042      445   19.582    1.358    3.840    0.245    0.069
 -73.940   40.830       27   10.593    0.683    5.694    0.149    0.064      258   21.689    1.083    3.471    0.167    0.050
 -73.940   40.840      147   14.431    1.261    9.119    1.566    0.087      890   22.848    1.876    4.106    0.467    0.082
 -73.940   40.850       90   11.748    0.958    7.476    0.286    0.082      628   23.917    2.155    3.710    0.295    0.090
 -73.940   40.860        3   32.167    0.667  176.053    0.717    0.021       28   26.025    1.531   21.648    0.164    0.059
 -73.940   40.870        0    0.000    0.000    0.000    0.000    0.000        0    0.000    0.000    0.000    0.000    0.000
 -73.930   40.680       28    9.875    1.282    5.528    2.054    0.130      399   19.490    1.635    4.007    0.442    0.084
 -73.930   40.690      147   10.480    1.107    5.441    0.417    0.106      859   17.463    1.600    4.103    0.398    0.092
 -73.930   40.700      219   11.361    1.502    4.818    0.632    0.132      826   17.301    1.815    3.989    0.424    0.105
 -73.930   40.710        3    8.833    1.033    4.924    0.429    0.117       14   13.821    1.136    4.022    0.341    0.082
 -73.930   40.720        1    2.500    0.000   12.500    0.000    0.000       13   11.308    0.346    3.753    0.200    0.031
 -73.930   40.730       16   17.731    0.994   22.531    0.710    0.056      303   16.417    0.838    4.894    0.209    0.051
 -73.930   40.740      622   11.679    0.849    5.233    0.320    0.073      950   14.864    1.081    4.123    0.259    0.073
 -73.930   40.750      464   10.549    0.620    5.911    0.251    0.059      832   13.951    1.251    4.606    0.338    0.090
 -73.930   40.760     1110   11.152    0.954    5.447    0.388    0.086     1855   16.134    1.466    4.169    0.318    0.091
 -73.930   40.770      197   13.205    1.120    4.246    0.313    0.085      717   15.990    1.374    3.912    0.289    0.086
 -73.930   40.780        5    7.700    0.000    6.665    0.000    0.000        4   17.250    2.520    3.373    0.138    0.146
 -73.930   40.790        2   42.750    2.500    9.310    0.214    0.058        9   25.133    3.363    7.040    0.612    0.134
 -73.930   40.800       47   10.255    0.461    5.256    0.142    0.045      163   16.439    0.807    3.887    0.140    0.049
 -73.930   40.810      137   11.561    0.433    4.735    0.291    0.037      270   16.569    0.819    4.134    0.201    0.049
 -73.930   40.820       39   10.077    0.432    7.893    0.082    0.043      210   19.288    1.033    4.211    0.155    0.054
 -73.930   40.830       30    8.050    0.529    8.583    0.195    0.066      196   22.203    1.056    4.012    0.134    0.048
 -73.930   40.840       15    8.167    0.000    4.386    0.000    0.000       84   22.096    0.913    4.596    0.112    0.041
 -73.930   40.850       13   10.846    0.000    5.093    0.000    0.000      217   24.729    1.720    3.380    0.216    0.070
 -73.930   40.860      127   14.202    0.964    4.463    0.205    0.068      583   26.870    1.916    3.216    0.233    0.071
 -73.930   40.870        0    0.000    0.000    0.000    0.000    0.000        0    0.000    0.000    0.000    0.000    0.000
 -73.920   40.680       30   12.533    0.788    5.475    0.330    0.063      556   21.094    1.923    3.819    0.365    0.091
 -73.920   40.690       70   11.293    1.223    4.999    0.429    0.108      584   19.273    1.893    3.958    0.379    0.098
 -73.920   40.700       48   10.935    0.939    5.049    0.540    0.086      535   20.078    1.922    3.830    0.383    0.096
 -73.920   40.710        6    8.167    0.553    4.734    0.177    0.068       48   15.102    1.770    3.948    0.378    0.117
 -73.920   40.720        1   52.000   10.000    9.811    1.887    0.192       21   11.905    0.257    3.764    0.052    0.022
 -73.920   40.730       13   11.538    0.494    4.597    0.217    0.043      186   15.696    0.735    3.945    0.156    0.047
 -73.920   40.740      515   12.759    0.840    4.741    0.327    0.066     1181   15.527    1.082    3.980    0.286    0.070
 -73.920   40.750      275    9.665    0.570    5.469    0.286    0.059      856   15.646    1.384    4.143    0.358    0.088
 -73.920   40.760      559   10.441    0.696    5.334    0.318    0.067     1553   17.207    1.572    3.974    0.316    0.091
 -73.920   40.770      411   11.384    0.955    5.487    0.352    0.084     1026   18.086    1.780    4.171    0.351    0.098
 -73.920   40.780       24   10.271    0.403    4.477    0.114    0.039      226   18.201    1.349    3.750    0.234    0.074
 -73.920   40.790        0    0.000    0.000    0.000    0.000    0.000        0    0.000    0.000    0.000    0.000    0.000
 -73.920   40.800       11    8.000    0.273    6.065    0.253    0.034      122   19.403    0.574    3.498    0.099    0.030
 -73.920   40.810       39   11.910    0.481    5.250    0.095    0.040      136   19.490    0.448    3.782    0.109    0.023
 -73.920   40.820       22   12.373    1.136    5.026    0.276    0.092      177   21.531    0.667    3.575    0.115    0.031
 -73.920   40.830       19   14.079    1.256   12.423    0.510    0.089      214   23.295    1.283    4.307    0.259    0.055
 -73.920   40.840       17   14.176    0.353    7.261    0.031    0.025      146   24.953    1.155    3.347    0.167    0.046
 -73.920   40.850       11   12.773    0.477    4.958    0.084    0.037       83   25.812    1.259    3.375    0.129    0.049
 -73.920   40.860       25   11.728    0.480    6.136    0.104    0.041      117   26.991    1.396    3.432    0.184    0.052
 -73.920   40.870        9   11.611    0.233    4.476    0.179    0.020      105   27.741    2.871    3.184    0.295    0.103
 -73.910   40.680        2   17.750    1.980    3.857    0.424    0.112      194   23.147    2.461    3.724    0.384    0.106
 -73.910   40.690       18   12.706    1.325    7.201    0.565    0.104      358   20.880    2.092    3.821    0.381    0.100
 -73.910   40.700       18   13.472    1.017    4.864    0.199    0.075      321   21.124    1.703    3.773    0.315    0.081
 -73.910   40.710       17   10.924    0.288    3.951    0.144    0.026      115   19.276    1.293    3.561    0.217    0.067
 -73.910   40.720        1   52.000   11.600    9.630    2.148    0.223      118   19.403    0.914    3.390    0.155    0.047
 -73.910   40.730        5   20.100    0.300  107.361    0.071    0.015      112   17.406    1.029    8.544    0.253    0.059
 -73.910   40.740      294   12.822    0.552    4.779    0.253    0.043      749   17.372    1.222    3.933    0.254    0.070
 -73.910   40.750      109   13.531    0.551   14.475    0.154    0.041      308   16.510    1.103    7.405    0.250    0.067
 -73.910   40.760       71   12.376    1.130    5.856    0.471    0.091      382   16.001    1.272    4.421    0.334    0.080
 -73.910   40.770      102   10.074    0.689    8.845    0.324    0.068      749   19.054    1.948    4.144    0.386    0.102
 -73.910   40.780        0    0.000    0.000    0.000    0.000    0.000        0    0.000    0.000    0.000    0.000    0.000
 -73.910   40.790        0    0.000    0.000    0.000    0.000    0.000        0    0.000    0.000    0.000    0.000    0.000
 -73.910   40.800        0    0.000    0.000    0.000    0.000    0.000        0    0.000    0.000    0.000    0.000    0.000
 -73.910   40.810        7   12.929    0.000    4.326    0.000    0.000      114   21.259    0.582    3.529    0.086    0.027
 -73.910   40.820       14   15.179    0.411    4.588    0.049    0.027       65   24.696    0.582    3.589    0.061    0.024
 -73.910   40.830        7    7.500    0.180    5.282    0.257    0.024       54   21.494    0.624    3.623    0.113    0.029
 -73.910   40.840       10   10.950    0.000    4.420    0.000    0.000       94   27.250    0.775    3.199    0.076    0.028
 -73.910   40.850       11   15.682    1.269    7.667    0.124    0.081      136   26.522    0.743    3.486    0.092    0.028
 -73.910   40.860       10   10.400    0.575    4.852    0.491    0.055      152   27.316    1.615    3.109    0.168    0.059
 -73.910   40.870       13   14.885    1.231    4.040    0.156    0.083      158   28.443    1.194    3.119    0.119    0.042
