LONGITUD LATITUDE NUM_PICK FARE_PIC TIP_PICK FPD_PICK TPD_PICK TPF_PICK NUM_DROP FARE_DRO FARE_TIP FPD_DROP TPD_DROP TPF_DROP
 -74.050   40.680        0    0.000    0.000    0.000    0.000    0.000        0    0.000    0.000    0.000    0.000    0.000
 -74.050   40.690        0    0.000    0.000    0.000    0.000    0.000        0    0.000    0.000    0.000    0.000    0.000
 -74.050   40.700        1    4.500    1.160    8.036    2.071    0.258        1    4.500    1.160    8.036    2.071    0.258
 -74.050   40.710        6   56.500    9.637  228.707   65.217    0.171       45   49.260    5.146   39.156    9.536    0.104
 -74.050   40.720        5   42.200    4.210   41.054    3.707    0.100       37   45.619    6.113   18.553    1.588    0.134
 -74.050   40.730        6   53.667    2.508  135.652    1.309    0.047       20   49.548    5.342   35.626    1.178    0.108
 -74.050   40.740        1   52.000    1.000  520.000   10.000    0.019       13   47.823    2.720   49.266    1.400    0.057
 -74.050   40.750        2   61.850    0.000  399.750    0.000    0.000        8   49.188    3.800   18.190    0.572    0.077
 -74.050   40.760        0    0.000    0.000    0.000    0.000    0.000        0    0.000    0.000    0.000    0.000    0.000
 -74.050   40.770        1   50.000    0.000  500.000    0.000    0.000        5   63.800    0.100  112.300    0.015    0.002
 -74.050   40.780        2   52.000    0.000   15.294    0.000    0.000       13   48.093    1.788    8.525    0.262    0.037
 -74.050   40.790        0    0.000    0.000    0.000    0.000    0.000        0    0.000    0.000    0.000    0.000    0.000
 -74.050   40.800        0    0.000    0.000    0.000    0.000    0.000        0    0.000    0.000    0.000    0.000    0.000
 -74.050   40.810        0    0.000    0.000    0.000    0.000    0.000        0    0.000    0.000    0.000    0.000    0.000
 -74.050   40.820        0    0.000    0.000    0.000    0.000    0.000        0    0.000    0.000    0.000    0.000    0.000
 -74.050   40.830        0    0.000    0.000    0.000    0.000    0.000        0    0.000    0.000    0.000    0.000    0.000
 -74.050   40.840        0    0.000    0.000    0.000    0.000    0.000        0    0.000    0.000    0.000    0.000    0.000
 -74.050   40.850        0    0.000    0.000    0.000    0.000    0.000        0    0.000    0.000    0.000    0.000    0.000
 -74.050   40.860        0    0.000    0.000    0.000    0.000    0.000        0    0.000    0.000    0.000    0.000    0.000
 -74.050   40.870        0    0.000    0.000    0.000    0.000    0.000        0    0.000    0.000    0.000    0.000    0.000
 -74.040   40.680        0    0.000    0.000    0.000    0.000    0.000        0    0.000    0.000    0.000    0.000    0.000
 -74.040   40.690        0    0.000    0.000    0.000    0.000    0.000        0    0.000    0.000    0.000    0.000    0.000
 -74.040   40.700        0    0.000    0.000    0.000    0.000    0.000        0    0.000    0.000    0.000    0.000    0.000
 -74.040   40.710        6   31.167    5.833   10.866    3.176    0.187       52   45.197    5.728   11.005    1.276    0.127
 -74.040   40.720       13   44.392    5.622   73.564    9.926    0.127       90   47.394    4.539   21.922    2.588    0.096
 -74.040   40.730       37   40.851    6.465   43.192    9.738    0.158      108   42.677    6.478   15.803    3.616    0.152
 -74.040   40.740       11   42.914    4.746   78.628    3.902    0.111       95   43.724    8.250   23.013    2.401    0.189
 -74.040   40.750        2   24.750    4.925    7.500    1.173    0.199       22   43.191    3.816   11.923    0.706    0.088
 -74.040   40.760        2   50.000    7.540   10.942    1.397    0.151        9   43.111    3.109   11.932    0.702    0.072
 -74.040   40.770        2   38.250    0.000   37.299    0.000    0.000        3   51.000    4.283   11.418    0.996    0.084
 -74.040   40.780        0    0.000    0.000    0.000    0.000    0.000        0    0.000    0.000    0.000    0.000    0.000
 -74.040   40.790        0    0.000    0.000    0.000    0.000    0.000        0    0.000    0.000    0.000    0.000    0.000
 -74.040   40.800        0    0.000    0.000    0.000    0.000    0.000        0    0.000    0.000    0.000    0.000    0.000
 -74.040   40.810        0    0.000    0.000    0.000    0.000    0.000        0    0.000    0.000    0.000    0.000    0.000
 -74.040   40.820        0    0.000    0.000    0.000    0.000    0.000        0    0.000    0.000    0.000    0.000    0.000
 -74.040   40.830        0    0.000    0.000    0.000    0.000    0.000        0    0.000    0.000    0.000    0.000    0.000
 -74.040   40.840        0    0.000    0.000    0.000    0.000    0.000        0    0.000    0.000    0.000    0.000    0.000
 -74.040   40.850        0    0.000    0.000    0.000    0.000    0.000        0    0.000    0.000    0.000    0.000    0.000
 -74.040   40.860        0    0.000    0.000    0.000    0.000    0.000        0    0.000    0.000    0.000    0.000    0.000
 -74.040   40.870        0    0.000    0.000    0.000    0.000    0.000        0    0.000    0.000    0.000    0.000    0.000
 -74.030   40.680        0    0.000    0.000    0.000    0.000    0.000        0    0.000    0.000    0.000    0.000    0.000
 -74.030   40.690        0    0.000    0.000    0.000    0.000    0.000        0    0.000    0.000    0.000    0.000    0.000
 -74.030   40.700        0    0.000    0.000    0.000    0.000    0.000        0    0.000    0.000    0.000    0.000    0.000
 -74.030   40.710        1   26.500    5.400    3.681    0.750    0.204        1   13.500    0.000    3.553    0.000    0.000
 -74.030   40.720        0    0.000    0.000    0.000    0.000    0.000        0    0.000    0.000    0.000    0.000    0.000
 -74.030   40.730        3   22.000    2.220   11.217    1.302    0.101       19   47.013    8.829   12.517    2.265    0.188
 -74.030   40.740        8   30.012    3.231   83.912    2.042    0.108       37   40.630    4.939   21.979    3.103    0.122
 -74.030   40.750       14   34.073    6.807   66.699   14.777    0.200       75   44.193    5.385   21.739    3.165    0.122
 -74.030   40.760       16   29.507    1.310   17.444    1.160    0.044       45   37.868    4.755    8.849    1.250    0.126
 -74.030   40.770        5   30.560    5.580   54.013    8.376    0.183       11   26.392    4.932   27.816    4.483    0.187
 -74.030   40.780        0    0.000    0.000    0.000    0.000    0.000        0    0.000    0.000    0.000    0.000    0.000
 -74.030   40.790        0    0.000    0.000    0.000    0.000    0.000        0    0.000    0.000    0.000    0.000    0.000
 -74.030   40.800        0    0.000    0.000    0.000    0.000    0.000        0    0.000    0.000    0.000    0.000    0.000
 -74.030   40.810        0    0.000    0.000    0.000    0.000    0.000        0    0.000    0.000    0.000    0.000    0.000
 -74.030   40.820        0    0.000    0.000    0.000    0.000    0.000        0    0.000    0.000    0.000    0.000    0.000
 -74.030   40.830        0    0.000    0.000    0.000    0.000    0.000        0    0.000    0.000    0.000    0.000    0.000
 -74.030   40.840        0    0.000    0.000    0.000    0.000    0.000        0    0.000    0.000    0.000    0.000    0.000
 -74.030   40.850        0    0.000    0.000    0.000    0.000    0.000        0    0.000    0.000    0.000    0.000    0.000
 -74.030   40.860        0    0.000    0.000    0.000    0.000    0.000        0    0.000    0.000    0.000    0.000    0.000
 -74.030   40.870        0    0.000    0.000    0.000    0.000    0.000        0    0.000    0.000    0.000    0.000    0.000
 -74.020   40.680        0    0.000    0.000    0.000    0.000    0.000        0    0.000    0.000    0.000    0.000    0.000
 -74.020   40.690        0    0.000    0.000    0.000    0.000    0.000        0    0.000    0.000    0.000    0.000    0.000
 -74.020   40.700     1765   15.331    2.034    4.354    0.602    0.133     5493   12.395    1.576    4.218    0.571    0.127
 -74.020   40.710     1032   13.402    1.766    4.552    0.675    0.132     2701   11.555    1.570    4.532    0.650    0.136
 -74.020   40.720     1062   11.896    1.949    4.917    0.879    0.164      655    9.450    1.383    5.343    0.805    0.146
 -74.020   40.730      141   14.047    1.824    4.624    0.620    0.130       59   12.105    1.468   14.795    2.458    0.121
 -74.020   40.740        5   20.200    4.084    4.273    0.873    0.202        1   24.000    6.320    3.380    0.890    0.263
 -74.020   40.750        0    0.000    0.000    0.000    0.000    0.000        0    0.000    0.000    0.000    0.000    0.000
 -74.020   40.760        1    5.500    3.000    6.111    3.333    0.545        3   38.167    7.643   10.783    2.644    0.200
 -74.020   40.770        6   50.650    4.142   43.499    3.457    0.082       35   50.169    7.178   14.658    2.072    0.143
 -74.020   40.780        0    0.000    0.000    0.000    0.000    0.000        0    0.000    0.000    0.000    0.000    0.000
 -74.020   40.790        1   20.000    4.060  222.222   45.111    0.203        2   35.000    2.030  114.209   22.556    0.058
 -74.020   40.800        0    0.000    0.000    0.000    0.000    0.000        0    0.000    0.000    0.000    0.000    0.000
 -74.020   40.810        0    0.000    0.000    0.000    0.000    0.000        0    0.000    0.000    0.000    0.000    0.000
 -74.020   40.820        0    0.000    0.000    0.000    0.000    0.000        0    0.000    0.000    0.000    0.000    0.000
 -74.020   40.830        0    0.000    0.000    0.000    0.000    0.000        0    0.000    0.000    0.000    0.000    0.000
 -74.020   40.840        0    0.000    0.000    0.000    0.000    0.000        0    0.000    0.000    0.000    0.000    0.000
 -74.020   40.850        1   87.000   17.450  870.000  174.500    0.201        2   76.000    8.725  437.686   87.250    0.115
 -74.020   40.860        0    0.000    0.000    0.000    0.000    0.000        0    0.000    0.000    0.000    0.000    0.000
 -74.020   40.870        0    0.000    0.000    0.000    0.000    0.000        0    0.000    0.000    0.000    0.000    0.000
 -74.010   40.680       20   18.575    2.306    4.034    0.517    0.124      329   16.775    2.301    3.645    0.495    0.137
 -74.010   40.690        0    0.000    0.000    0.000    0.000    0.000        0    0.000    0.000    0.000    0.000    0.000
 -74.010   40.700     2175   14.353    1.845    6.182    0.585    0.129     6691   12.127    1.823    4.870    0.661    0.150
 -74.010   40.710     6837   12.352    1.576    4.852    0.655    0.128     4663    9.417    1.316    5.337    0.775    0.140
 -74.010   40.720    10576   11.904    1.557    5.858    0.852    0.131     6950    8.492    1.174    7.118    1.055    0.138
 -74.010   40.730    26711   11.442    1.531    5.170    0.729    0.134    12130    8.147    1.177    6.468    0.919    0.145
 -74.010   40.740    26084   11.022    1.340    5.293    0.654    0.122    10390    8.211    1.039    6.721    0.838    0.127
 -74.010   40.750     4637   10.802    1.372    4.914    0.627    0.127     2061    8.604    1.061    5.612    0.682    0.123
 -74.010   40.760       86   12.995    1.389    5.086    0.551    0.107      177   10.319    1.377    4.801    0.629    0.133
 -74.010   40.770        0    0.000    0.000    0.000    0.000    0.000        0    0.000    0.000    0.000    0.000    0.000
 -74.010   40.780        9   23.778    1.084   13.185    0.440    0.046       30   41.192    3.187   12.996    0.599    0.077
 -74.010   40.790        0    0.000    0.000    0.000    0.000    0.000        0    0.000    0.000    0.000    0.000    0.000
 -74.010   40.800        0    0.000    0.000    0.000    0.000    0.000        0    0.000    0.000    0.000    0.000    0.000
 -74.010   40.810        0    0.000    0.000    0.000    0.000    0.000        0    0.000    0.000    0.000    0.000    0.000
 -74.010   40.820        0    0.000    0.000    0.000    0.000    0.000        0    0.000    0.000    0.000    0.000    0.000
 -74.010   40.830        0    0.000    0.000    0.000    0.000    0.000        0    0.000    0.000    0.000    0.000    0.000
 -74.010   40.840        0    0.000    0.000    0.000    0.000    0.000        0    0.000    0.000    0.000    0.000    0.000
 -74.010   40.850        0    0.000    0.000    0.000    0.000    0.000        0    0.000    0.000    0.000    0.000    0.000
 -74.010   40.860        0    0.000    0.000    0.000    0.000    0.000        0    0.000    0.000    0.000    0.000    0.000
 -74.010   40.870        1   30.000    6.050    4.225    0.852    0.202        3   33.333    7.333    3.080    0.665    0.220
 -74.000   40.680      549   13.480    1.822    4.669    0.536    0.135     1486   16.632    2.464    3.977    0.559    0.148
 -74.000   40.690      335   14.733    2.123    4.542    0.582    0.144     1652   14.996    2.212    3.870    0.572    0.148
 -74.000   40.700       50   14.760    1.411    4.509    0.448    0.096      225   13.637    1.665    4.119    0.471    0.122
 -74.000   40.710     9737   11.697    1.644    5.292    0.775    0.141     5759    9.443    1.200    6.187    0.852    0.127
 -74.000   40.720    28472   11.018    1.519    5.268    0.765    0.138    10464    8.052    1.134    6.969    0.981    0.141
 -74.000   40.730    10426   11.251    1.437    5.179    0.699    0.128    10021    7.531    1.102    6.084    0.874    0.146
 -74.000   40.740    12504   10.786    1.356    5.202    0.689    0.126    13804    7.863    1.047    5.617    0.764    0.133
 -74.000   40.750     9906   11.625    1.221    5.295    0.556    0.105    15895    8.337    0.954    5.555    0.620    0.114
 -74.000   40.760     9304   11.515    1.299    5.653    0.562    0.113     8565    9.506    1.243    5.975    0.666    0.131
 -74.000   40.770      289   12.548    1.412    5.768    0.536    0.113      456    9.842    1.338    4.781    0.649    0.136
 -74.000   40.780        0    0.000    0.000    0.000    0.000    0.000        0    0.000    0.000    0.000    0.000    0.000
 -74.000   40.790        0    0.000    0.000    0.000    0.000    0.000        0    0.000    0.000    0.000    0.000    0.000
 -74.000   40.800        2   46.100    1.000   23.229    0.538    0.022        4   51.250    6.750    6.433    0.983    0.132
 -74.000   40.810        1   75.000    0.000 1875.000    0.000    0.000        4   53.875   12.500  471.982    0.691    0.232
 -74.000   40.820        0    0.000    0.000    0.000    0.000    0.000        0    0.000    0.000    0.000    0.000    0.000
 -74.000   40.830        0    0.000    0.000    0.000    0.000    0.000        0    0.000    0.000    0.000    0.000    0.000
 -74.000   40.840        0    0.000    0.000    0.000    0.000    0.000        0    0.000    0.000    0.000    0.000    0.000
 -74.000   40.850        1   65.000    0.000   32.500    0.000    0.000        5   71.000    5.190   12.045    0.566    0.073
 -74.000   40.860        0    0.000    0.000    0.000    0.000    0.000        0    0.000    0.000    0.000    0.000    0.000
 -74.000   40.870        0    0.000    0.000    0.000    0.000    0.000        0    0.000    0.000    0.000    0.000    0.000
 -73.990   40.680      351   12.713    1.440    5.413    0.499    0.113     1098   15.767    2.170    4.207    0.518    0.138
 -73.990   40.690      593   12.092    1.276    7.212    0.740    0.105     1418   14.128    1.953    5.145    0.618    0.138
 -73.990   40.700      117   14.680    1.723    4.317    0.491    0.117      483   13.250    1.848    3.923    0.525    0.139
 -73.990   40.710    11458   12.190    1.693    5.126    0.705    0.139     4364    9.989    1.195    6.545    0.787    0.120
 -73.990   40.720    34348   11.556    1.621    5.110    0.744    0.140    18011    8.537    1.250    6.402    0.961    0.146
 -73.990   40.730    23084   10.291    1.430    5.359    0.793    0.139    17520    7.779    1.171    6.090    0.942    0.151
 -73.990   40.740    20625   10.664    1.346    5.328    0.676    0.126    15986    8.065    1.120    5.863    0.786    0.139
 -73.990   40.750    15800   10.896    1.232    5.487    0.612    0.113     9917    8.233    0.865    6.157    0.580    0.105
 -73.990   40.760    20194   11.544    1.444    5.223    0.647    0.125    14534    9.418    1.216    5.719    0.692    0.129
 -73.990   40.770     3331   11.066    1.260    5.323    0.595    0.114     5801   10.977    1.507    4.963    0.650    0.137
 -73.990   40.780      753   11.809    1.293    4.765    0.534    0.110     1561   12.384    1.645    4.566    0.571    0.133
 -73.990   40.790        2   27.000    0.000    5.692    0.000    0.000        4   10.250    0.300    4.300    0.229    0.029
 -73.990   40.800        0    0.000    0.000    0.000    0.000    0.000        0    0.000    0.000    0.000    0.000    0.000
 -73.990   40.810        0    0.000    0.000    0.000    0.000    0.000        0    0.000    0.000    0.000    0.000    0.000
 -73.990   40.820        0    0.000    0.000    0.000    0.000    0.000        0    0.000    0.000    0.000    0.000    0.000
 -73.990   40.830        0    0.000    0.000    0.000    0.000    0.000        0    0.000    0.000    0.000    0.000    0.000
 -73.990   40.840        0    0.000    0.000    0.000    0.000    0.000        0    0.000    0.000    0.000    0.000    0.000
 -73.990   40.850        0    0.000    0.000    0.000    0.000    0.000        0    0.000    0.000    0.000    0.000    0.000
 -73.990   40.860        0    0.000    0.000    0.000    0.000    0.000        0    0.000    0.000    0.000    0.000    0.000
 -73.990   40.870        1   66.000    1.700   24.444    0.630    0.026        2   70.500    0.850   14.657    0.315    0.012
 -73.980   40.680      624   13.580    1.606    4.499    0.504    0.118     1416   15.932    2.349    4.010    0.579    0.147
 -73.980   40.690       51   12.190    1.009    4.217    0.280    0.083      681   13.385    1.640    4.156    0.495    0.122
 -73.980   40.700        2   18.125    0.910    6.378    0.758    0.050        1    6.000    1.820    5.000    1.517    0.303
 -73.980   40.710      169   13.444    1.520    7.655    0.550    0.113      798   10.399    0.979    5.453    0.461    0.094
 -73.980   40.720     3569   11.593    1.582    4.897    0.684    0.136     4569    8.734    1.131    5.592    0.761    0.130
 -73.980   40.730     1322   10.308    1.359    5.488    0.679    0.132     5406    8.459    1.269    5.266    0.822    0.150
 -73.980   40.740     9348    9.787    1.253    5.551    0.740    0.128    16870    8.393    1.275    5.562    0.822    0.152
 -73.980   40.750    10608   10.150    1.311    5.395    0.693    0.129    10207    8.711    1.021    5.534    0.630    0.117
 -73.980   40.760     8337   10.490    1.249    5.087    0.594    0.119     4769    9.213    1.123    5.514    0.699    0.122
 -73.980   40.770     1134   10.824    1.361    4.686    0.615    0.126     2133   11.494    1.706    4.354    0.643    0.148
 -73.980   40.780     5053   11.068    1.305    5.723    0.588    0.118     5205   12.328    1.718    5.386    0.587    0.139
 -73.980   40.790     2229   10.510    1.160    5.130    0.592    0.110     3526   13.309    1.750    4.471    0.584    0.131
 -73.980   40.800        7   22.357    6.594   38.683    1.033    0.295       55   15.536    1.802    4.453    0.617    0.116
 -73.980   40.810        0    0.000    0.000    0.000    0.000    0.000        0    0.000    0.000    0.000    0.000    0.000
 -73.980   40.820        0    0.000    0.000    0.000    0.000    0.000        0    0.000    0.000    0.000    0.000    0.000
 -73.980   40.830        0    0.000    0.000    0.000    0.000    0.000        0    0.000    0.000    0.000    0.000    0.000
 -73.980   40.840        0    0.000    0.000    0.000    0.000    0.000        0    0.000    0.000    0.000    0.000    0.000
 -73.980   40.850        1   60.000    0.000   25.000    0.000    0.000        5   74.800    4.000  808.578    0.375    0.053
 -73.980   40.860        1   75.000    2.000   20.270    0.541    0.027       10   55.775    2.000    6.814    0.212    0.036
 -73.980   40.870        0    0.000    0.000    0.000    0.000    0.000        0    0.000    0.000    0.000    0.000    0.000
 -73.970   40.680      382   12.103    1.708    4.944    0.564    0.141     1388   16.484    2.294    4.008    0.537    0.139
 -73.970   40.690      200   11.386    0.901    5.231    0.400    0.079      880   14.152    1.919    4.283    0.562    0.136
 -73.970   40.700       93   11.292    1.423    4.872    0.591    0.126      578   12.544    1.497    4.383    0.556    0.119
 -73.970   40.710     1949   12.070    1.650    5.803    0.888    0.137     2900   13.221    1.871    5.135    0.799    0.142
 -73.970   40.720       23   13.957    1.089    4.519    0.497    0.078      151   17.096    2.050    4.063    0.493    0.120
 -73.970   40.730       14   15.836    2.534    4.601    0.618    0.160       19   14.537    1.032    4.524    0.308    0.071
 -73.970   40.740       46   10.859    1.223    5.042    0.517    0.113       88   10.902    1.432    4.869    0.596    0.131
 -73.970   40.750     7261   10.161    1.084    4.834    0.548    0.107     7895    9.507    1.329    5.073    0.689    0.140
 -73.970   40.760     6554   10.491    1.181    5.274    0.580    0.113     7293    9.973    1.348    5.212    0.647    0.135
 -73.970   40.770     1126    9.640    1.149    5.156    0.653    0.119     1456   10.735    1.358    4.932    0.601    0.126
 -73.970   40.780      305    9.969    1.241    4.862    0.587    0.124      664   12.261    1.800    4.340    0.662    0.147
 -73.970   40.790     1511   10.284    1.018    5.034    0.490    0.099     3754   13.360    1.605    4.296    0.486    0.120
 -73.970   40.800     2227   10.523    1.211    5.703    0.692    0.115     3704   14.322    1.948    4.558    0.578    0.136
 -73.970   40.810       98   10.977    1.247    7.645    0.841    0.114      425   15.432    1.839    4.052    0.487    0.119
 -73.970   40.820        0    0.000    0.000    0.000    0.000    0.000        0    0.000    0.000    0.000    0.000    0.000
 -73.970   40.830        0    0.000    0.000    0.000    0.000    0.000        0    0.000    0.000    0.000    0.000    0.000
 -73.970   40.840        0    0.000    0.000    0.000    0.000    0.000        0    0.000    0.000    0.000    0.000    0.000
 -73.970   40.850        0    0.000    0.000    0.000    0.000    0.000        0    0.000    0.000    0.000    0.000    0.000
 -73.970   40.860        0    0.000    0.000    0.000    0.000    0.000        0    0.000    0.000    0.000    0.000    0.000
 -73.970   40.870        0    0.000    0.000    0.000    0.000    0.000        0    0.000    0.000    0.000    0.000    0.000
 -73.960   40.680      387   11.187    1.309    5.178    0.514    0.117     1749   16.527    2.221    4.013    0.516    0.134
 -73.960   40.690      304   11.216    1.272    4.893    0.466    0.113     1036   15.215    1.888    4.096    0.496    0.124
 -73.960   40.700      606   11.282    1.368    5.244    0.604    0.121     1343   12.741    1.507    4.666    0.557    0.118
 -73.960   40.710     4084   11.047    1.555    5.279    0.714    0.141     4387   13.273    1.893    4.903    0.652    0.143
 -73.960   40.720     1810   12.700    1.783    4.834    0.666    0.140     1992   14.042    1.939    4.511    0.622    0.138
 -73.960   40.730      424   13.243    1.741    4.560    0.603    0.131     1573   14.004    2.055    4.141    0.601    0.147
 -73.960   40.740      437   13.397    1.655    4.936    0.554    0.124     1928   14.494    2.468    3.916    0.652    0.170
 -73.960   40.750       80   12.945    1.095    8.930    0.483    0.085      190   14.714    1.944   10.918    0.532    0.132
 -73.960   40.760     3079    9.723    1.268    5.015    0.693    0.130     6077   10.743    1.530    4.570    0.673    0.142
 -73.960   40.770     9878    9.894    1.268    5.135    0.684    0.128    12466   11.615    1.655    4.481    0.631    0.142
 -73.960   40.780     1604    9.638    1.157    5.142    0.632    0.120     4996   12.135    1.715    4.289    0.605    0.141
 -73.960   40.790      334    9.727    0.954    5.060    0.465    0.098      880   13.063    1.529    4.267    0.458    0.117
 -73.960   40.800      990    9.820    0.948    5.529    0.502    0.097     3352   15.185    1.885    4.247    0.494    0.124
 -73.960   40.810      957    9.542    0.772    6.299    0.384    0.081     2163   15.595    1.803    4.678    0.427    0.116
 -73.960   40.820      524   10.894    0.892    5.203    0.341    0.082     2035   17.692    1.868    3.970    0.382    0.106
 -73.960   40.830        1   14.000    3.820    4.000    1.091    0.273        5   15.300    0.000    4.404    0.000    0.000
 -73.960   40.840        0    0.000    0.000    0.000    0.000    0.000        0    0.000    0.000    0.000    0.000    0.000
 -73.960   40.850        0    0.000    0.000    0.000    0.000    0.000        0    0.000    0.000    0.000    0.000    0.000
 -73.960   40.860        0    0.000    0.000    0.000    0.000    0.000        0    0.000    0.000    0.000    0.000    0.000
 -73.960   40.870        0    0.000    0.000    0.000    0.000    0.000        0    0.000    0.000    0.000    0.000    0.000
 -73.950   40.680      107   13.598    1.658    5.090    0.594    0.122     1033   17.080    2.057    3.926    0.470    0.120
 -73.950   40.690      138    9.852    1.021    5.393    0.466    0.104     1267   15.445    1.643    4.179    0.443    0.106
 -73.950   40.700      510    9.939    1.309    5.372    0.637    0.132     2091   14.306    1.808    4.385    0.569    0.126
 -73.950   40.710     1852   10.939    1.555    5.722    0.714    0.142     3110   13.912    2.014    4.631    0.627    0.145
 -73.950   40.720      534   11.022    1.601    5.065    0.725    0.145     1802   13.353    1.819    4.579    0.607    0.136
 -73.950   40.730        8    9.500    0.872    7.707    0.530    0.092       41   11.012    0.669    4.780    0.328    0.061
 -73.950   40.740      286   11.994    1.522    8.672    1.270    0.127      813   13.895    1.944    5.280    0.769    0.140
 -73.950   40.750      496   10.691    0.682    5.213    0.285    0.064      591   12.344    1.150    4.469    0.342    0.093
 -73.950   40.760       41   13.461    1.416    4.208    0.494    0.105      493   15.362    1.746    3.759    0.424    0.114
 -73.950   40.770     1574   11.268    1.303    5.180    0.619    0.116     4881   12.329    1.738    4.434    0.624    0.141
 -73.950   40.780     1896   10.375    1.019    5.107    0.486    0.098     5674   12.481    1.553    4.284    0.498    0.124
 -73.950   40.790     1070    9.770    0.702    5.305    0.317    0.072     3257   12.632    1.155    4.313    0.376    0.091
 -73.950   40.800      721   10.112    0.947    5.784    0.433    0.094     1946   15.478    1.730    4.171    0.402    0.112
 -73.950   40.810      474    9.458    0.913    6.621    0.450    0.097     1960   17.116    1.679    4.056    0.390    0.098
 -73.950   40.820      605    9.652    0.956    5.654    0.435    0.099     2807   19.335    2.032    3.794    0.359    0.105
 -73.950   40.830      471   11.786    0.916    5.544    0.302    0.078     2066   20.171    2.033    3.742    0.335    0.101
 -73.950   40.840       75   13.459    1.270    5.025    0.287    0.094      610   23.987    3.154    3.298    0.410    0.132
 -73.950   40.850       15   18.847    3.382    3.629    0.796    0.179      111   24.229    3.228    3.282    0.400    0.133
 -73.950   40.860        2   13.250    2.830    4.672    0.994    0.214        2   10.250    2.230    5.179    1.118    0.218
 -73.950   40.870        0    0.000    0.000    0.000    0.000    0.000        0    0.000    0.000    0.000    0.000    0.000
 -73.940   40.680       55   12.776    1.175    6.400    0.433    0.092      661   18.866    2.349    3.993    0.504    0.124
 -73.940   40.690      572   10.240    1.373    5.263    0.692    0.134     1701   15.649    1.874    4.270    0.525    0.120
 -73.940   40.700      670   11.476    1.614    4.982    0.710    0.141     1172   15.128    1.921    4.424    0.585    0.127
 -73.940   40.710      149   11.622    1.580    4.829    0.626    0.136      464   13.517    1.821    4.502    0.567    0.135
 -73.940   40.720       35   11.391    2.051    4.893    0.727    0.180      252   12.700    1.718    4.396    0.627    0.135
 -73.940   40.730       14   22.286    3.162    8.008    1.082    0.142       75   13.547    0.965    4.393    0.270    0.071
 -73.940   40.740      228    9.749    0.826    5.277    0.392    0.085      202   11.771    0.802    4.887    0.235    0.068
 -73.940   40.750      430   10.647    0.889    6.179    0.601    0.083     1252   13.973    1.657    4.713    0.508    0.119
 -73.940   40.760      170    9.589    0.790    4.764    0.316    0.082      918   14.092    1.648    4.092    0.396    0.117
 -73.940   40.770       15   13.313    1.656    4.562    0.543    0.124      236   11.941    0.956    4.623    0.289    0.080
 -73.940   40.780        6    8.500    0.000    4.713    0.000    0.000       53   10.802    0.421    4.315    0.141    0.039
 -73.940   40.790      530   10.730    0.671    4.854    0.266    0.063     1986   13.767    1.282    3.944    0.306    0.093
 -73.940   40.800      537    9.853    0.573    5.542    0.253    0.058     1198   14.213    1.255    4.382    0.303    0.088
 -73.940   40.810      228    9.851    0.620    5.316    0.313    0.063      987   17.399    1.800    3.813    0.381    0.103
 -73.940   40.820      129    8.726    0.509    5.335    0.307    0.058      762   18.302    1.534    4.162    0.309    0.084
 -73.940   40.830       34   10.682    0.732    5.042    0.317    0.069      355   21.239    1.593    3.499    0.230    0.075
 -73.940   40.840      281   12.358    0.887    5.141    0.301    0.072     1454   22.752    2.159    3.465    0.319    0.095
 -73.940   40.850      164   12.392    1.292    5.814    0.634    0.104     1400   23.584    2.768    3.389    0.390    0.117
 -73.940   40.860        9   13.889    1.424    5.572    0.212    0.103       55   22.636    2.393    3.475    0.296    0.106
 -73.940   40.870        0    0.000    0.000    0.000    0.000    0.000        0    0.000    0.000    0.000    0.000    0.000
 -73.930   40.680       66   12.847    1.014    6.897    0.496    0.079      585   19.925    2.112    4.123    0.437    0.106
 -73.930   40.690      314   10.615    1.484    5.089    0.695    0.140     1486   17.394    2.105    4.170    0.510    0.121
 -73.930   40.700      602   11.284    1.553    5.095    0.678    0.138     1732   17.309    2.190    4.155    0.535    0.127
 -73.930   40.710        6   13.000    1.517    4.461    0.276    0.117       11   19.273    2.255    4.533    0.433    0.117
 -73.930   40.720        1   22.000    0.000    3.240    0.000    0.000        1   13.000    0.000    3.148    0.000    0.000
 -73.930   40.730       21   15.890    1.579    4.159    0.531    0.099      470   15.199    1.339    4.064    0.332    0.088
 -73.930   40.740      505   11.155    0.864    5.398    0.404    0.077     1680   15.297    1.539    3.800    0.370    0.101
 -73.930   40.750      602   10.209    0.752    5.304    0.339    0.074     1570   15.274    1.649    4.045    0.400    0.108
 -73.930   40.760     1226    9.231    0.898    5.807    0.788    0.097     3537   16.555    2.067    4.237    0.543    0.125
 -73.930   40.770      162   11.940    1.404    8.001    0.779    0.118     1239   16.541    1.942    4.665    0.436    0.117
 -73.930   40.780        1   52.000    6.000    8.000    0.923    0.115        1    8.500    0.000    4.048    0.000    0.000
 -73.930   40.790        3    8.667    1.667    7.392    1.590    0.192       13   19.308    0.808    4.414    0.415    0.042
 -73.930   40.800       69   11.271    0.172    6.854    0.053    0.015      304   17.079    0.810    3.918    0.150    0.047
 -73.930   40.810      125   10.408    0.153    5.908    0.107    0.015      317   17.158    0.865    4.143    0.177    0.050
 -73.930   40.820       34    9.324    0.637    5.621    0.382    0.068      276   20.804    1.023    3.673    0.167    0.049
 -73.930   40.830       17    8.588    0.529    5.066    0.269    0.062      241   21.636    1.100    3.499    0.144    0.051
 -73.930   40.840       10    8.350    0.000    5.239    0.000    0.000      127   19.988    0.831    3.511    0.125    0.042
 -73.930   40.850       14   11.250    4.797    5.933    6.613    0.426      307   24.942    2.064    3.390    0.251    0.083
 -73.930   40.860      178   14.176    1.319    4.822    0.382    0.093     1090   26.035    2.652    3.275    0.379    0.102
 -73.930   40.870        0    0.000    0.000    0.000    0.000    0.000        0    0.000    0.000    0.000    0.000    0.000
 -73.920   40.680       51   15.878    1.907    4.944    0.585    0.120      809   20.512    2.233    3.977    0.428    0.109
 -73.920   40.690      149    9.889    1.150    5.566    0.637    0.116      900   19.326    2.063    3.991    0.460    0.107
 -73.920   40.700       89   12.697    1.978    5.077    0.676    0.156      862   19.524    2.545    3.926    0.532    0.130
 -73.920   40.710       11   12.091    0.967    4.842    0.283    0.080       70   17.396    1.804    3.907    0.378    0.104
 -73.920   40.720        3   11.500    0.960    3.906    0.342    0.083       37   16.095    0.439    3.876    0.099    0.027
 -73.920   40.730       12    8.167    0.965    5.094    0.491    0.118      165   16.153    0.889    3.926    0.242    0.055
 -73.920   40.740      336   10.202    0.821    5.919    0.391    0.080     1590   15.861    1.461    4.080    0.342    0.092
 -73.920   40.750      435    9.128    0.716    5.595    0.370    0.078     1510   16.285    1.792    4.120    0.417    0.110
 -73.920   40.760      893   10.107    0.941    6.032    0.564    0.093     2973   17.412    2.017    4.122    0.433    0.116
 -73.920   40.770      483   11.450    1.217    6.352    0.565    0.106     1823   19.208    2.339    3.763    0.437    0.122
 -73.920   40.780       18   13.656    2.053    5.236    0.373    0.150      342   18.231    2.237    3.776    0.413    0.123
 -73.920   40.790        1    3.500    0.000    6.604    0.000    0.000        6   23.000    0.000    3.621    0.000    0.000
 -73.920   40.800       15   11.101    0.467   10.943    0.084    0.042      170   17.459    0.712    4.719    0.107    0.041
 -73.920   40.810       39   10.564    0.183    8.671    0.126    0.017      253   18.906    0.574    3.843    0.129    0.030
 -73.920   40.820       28   10.768    0.412    5.047    0.185    0.038      199   21.681    1.178    4.142    0.161    0.054
 -73.920   40.830       23    9.739    0.385    4.978    0.217    0.040      236   21.980    0.985    3.454    0.129    0.045
 -73.920   40.840       21   12.024    0.219    7.757    0.090    0.018      179   23.526    1.231    3.731    0.155    0.052
 -73.920   40.850        7    7.071    0.367    4.039    0.167    0.052       90   24.033    0.421    3.232    0.074    0.018
 -73.920   40.860       38   14.224    1.457    4.832    0.212    0.102      196   27.074    2.460    3.330    0.267    0.091
 -73.920   40.870        8    8.500    0.958    6.011    1.074    0.113      181   28.492    3.303    3.090    0.400    0.116
 -73.910   40.680       16   10.125    0.926    4.526    0.578    0.091      267   22.151    2.246    3.801    0.426    0.101
 -73.910   40.690       38   11.789    1.501    4.711    0.428    0.127      555   21.360    2.577    3.871    0.451    0.121
 -73.910   40.700       26   10.308    0.765    6.424    0.258    0.074      473   20.333    2.419    3.742    0.456    0.119
 -73.910   40.710        5    8.200    0.400    5.627    1.000    0.049      119   20.037    1.313    3.645    0.235    0.066
 -73.910   40.720       10   10.470    1.225    4.830    0.657    0.117      153   18.680    1.329    3.538    0.242    0.071
 -73.910   40.730        4   13.625    0.000    4.515    0.000    0.000      206   17.456    1.249    3.747    0.240    0.072
 -73.910   40.740      145    9.143    0.650    7.476    0.362    0.071     1057   17.361    1.270    4.077    0.245    0.073
 -73.910   40.750      105   10.805    0.558    5.161    0.181    0.052      551   16.792    1.655    3.863    0.330    0.099
 -73.910   40.760       49   11.173    0.741    5.077    0.423    0.066      634   17.417    1.867    4.074    0.411    0.107
 -73.910   40.770      137   12.134    1.469    5.051    0.531    0.121     1230   19.606    2.515    3.804    0.479    0.128
 -73.910   40.780        1   13.500    2.950    3.293    0.720    0.219       19   17.816    1.653    3.717    0.370    0.093
 -73.910   40.790        0    0.000    0.000    0.000    0.000    0.000        0    0.000    0.000    0.000    0.000    0.000
 -73.910   40.800        3    9.167    0.000    3.960    0.000    0.000        9   28.389    0.356   34.495    0.032    0.013
 -73.910   40.810       18   15.639    0.111   22.015    0.038    0.007      184   21.035    1.179    3.745    0.183    0.056
 -73.910   40.820       14   10.643    0.810    4.888    0.419    0.076      124   21.695    1.187    3.753    0.177    0.055
 -73.910   40.830       10   10.250    0.050    8.124    0.006    0.005       91   21.516    0.837    3.946    0.099    0.039
 -73.910   40.840        9   10.833    0.111   18.180    0.014    0.010      128   26.086    1.374    4.161    0.148    0.053
 -73.910   40.850       13   13.423    0.138    4.639    0.126    0.010      181   26.882    0.738    3.327    0.096    0.027
 -73.910   40.860       10    8.300    0.100    5.592    0.083    0.012      163   26.429    1.595    3.293    0.209    0.060
 -73.910   40.870       14   16.536    3.754    8.378    0.518    0.227      216   28.937    1.677    3.414    0.196    0.058
