LONGITUD LATITUDE NUM_PICK FARE_PIC TIP_PICK FPD_PICK TPD_PICK TPF_PICK NUM_DROP FARE_DRO FARE_TIP FPD_DROP TPD_DROP TPF_DROP
 -74.050   40.680        0    0.000    0.000    0.000    0.000    0.000        0    0.000    0.000    0.000    0.000    0.000
 -74.050   40.690        0    0.000    0.000    0.000    0.000    0.000        0    0.000    0.000    0.000    0.000    0.000
 -74.050   40.700        0    0.000    0.000    0.000    0.000    0.000        0    0.000    0.000    0.000    0.000    0.000
 -74.050   40.710        0    0.000    0.000    0.000    0.000    0.000        0    0.000    0.000    0.000    0.000    0.000
 -74.050   40.720        4   33.127    3.112   56.753   10.375    0.094        6   40.833    3.835    8.968    0.770    0.094
 -74.050   40.730        2    0.000    0.000    0.000    0.000    0.000        5   52.200   14.072    8.094    2.756    0.270
 -74.050   40.740        1   16.500    0.000    5.914    0.000    0.000        4   47.000    4.800  203.435    0.507    0.102
 -74.050   40.750        0    0.000    0.000    0.000    0.000    0.000        0    0.000    0.000    0.000    0.000    0.000
 -74.050   40.760        0    0.000    0.000    0.000    0.000    0.000        0    0.000    0.000    0.000    0.000    0.000
 -74.050   40.770        0    0.000    0.000    0.000    0.000    0.000        0    0.000    0.000    0.000    0.000    0.000
 -74.050   40.780        2   30.000    0.000   60.000    0.000    0.000       10   44.803    7.593   17.872    1.147    0.169
 -74.050   40.790        0    0.000    0.000    0.000    0.000    0.000        0    0.000    0.000    0.000    0.000    0.000
 -74.050   40.800        0    0.000    0.000    0.000    0.000    0.000        0    0.000    0.000    0.000    0.000    0.000
 -74.050   40.810        0    0.000    0.000    0.000    0.000    0.000        0    0.000    0.000    0.000    0.000    0.000
 -74.050   40.820        0    0.000    0.000    0.000    0.000    0.000        0    0.000    0.000    0.000    0.000    0.000
 -74.050   40.830        0    0.000    0.000    0.000    0.000    0.000        0    0.000    0.000    0.000    0.000    0.000
 -74.050   40.840        0    0.000    0.000    0.000    0.000    0.000        0    0.000    0.000    0.000    0.000    0.000
 -74.050   40.850        0    0.000    0.000    0.000    0.000    0.000        0    0.000    0.000    0.000    0.000    0.000
 -74.050   40.860        0    0.000    0.000    0.000    0.000    0.000        0    0.000    0.000    0.000    0.000    0.000
 -74.050   40.870        0    0.000    0.000    0.000    0.000    0.000        0    0.000    0.000    0.000    0.000    0.000
 -74.040   40.680        0    0.000    0.000    0.000    0.000    0.000        0    0.000    0.000    0.000    0.000    0.000
 -74.040   40.690        0    0.000    0.000    0.000    0.000    0.000        0    0.000    0.000    0.000    0.000    0.000
 -74.040   40.700        2    6.500    1.150    5.702    1.010    0.177        1    6.500    1.000    5.652    0.870    0.154
 -74.040   40.710        3   80.000   14.800   67.798    7.169    0.185       24   50.811    8.329   16.237    2.102    0.164
 -74.040   40.720       11   23.773    4.700   43.475    9.781    0.198       41   38.519    8.070   18.069   20.159    0.210
 -74.040   40.730        3    2.337   22.667    2.845  226.667    9.700       21   37.405    4.455    7.292    0.852    0.119
 -74.040   40.740        1   80.000    0.000  800.000    0.000    0.000        5   33.000    9.550    8.112    2.197    0.289
 -74.040   40.750        2   45.000    4.000    8.182    0.727    0.089        5   34.000    6.690    7.066    1.478    0.197
 -74.040   40.760        0    0.000    0.000    0.000    0.000    0.000        0    0.000    0.000    0.000    0.000    0.000
 -74.040   40.770        0    0.000    0.000    0.000    0.000    0.000        0    0.000    0.000    0.000    0.000    0.000
 -74.040   40.780        0    0.000    0.000    0.000    0.000    0.000        0    0.000    0.000    0.000    0.000    0.000
 -74.040   40.790        0    0.000    0.000    0.000    0.000    0.000        0    0.000    0.000    0.000    0.000    0.000
 -74.040   40.800        0    0.000    0.000    0.000    0.000    0.000        0    0.000    0.000    0.000    0.000    0.000
 -74.040   40.810        0    0.000    0.000    0.000    0.000    0.000        0    0.000    0.000    0.000    0.000    0.000
 -74.040   40.820        0    0.000    0.000    0.000    0.000    0.000        0    0.000    0.000    0.000    0.000    0.000
 -74.040   40.830        0    0.000    0.000    0.000    0.000    0.000        0    0.000    0.000    0.000    0.000    0.000
 -74.040   40.840        0    0.000    0.000    0.000    0.000    0.000        0    0.000    0.000    0.000    0.000    0.000
 -74.040   40.850        0    0.000    0.000    0.000    0.000    0.000        0    0.000    0.000    0.000    0.000    0.000
 -74.040   40.860        0    0.000    0.000    0.000    0.000    0.000        0    0.000    0.000    0.000    0.000    0.000
 -74.040   40.870        0    0.000    0.000    0.000    0.000    0.000        0    0.000    0.000    0.000    0.000    0.000
 -74.030   40.680        0    0.000    0.000    0.000    0.000    0.000        0    0.000    0.000    0.000    0.000    0.000
 -74.030   40.690        1   23.500    0.000    5.465    0.000    0.000        1    7.000    0.000    5.833    0.000    0.000
 -74.030   40.700        0    0.000    0.000    0.000    0.000    0.000        0    0.000    0.000    0.000    0.000    0.000
 -74.030   40.710        0    0.000    0.000    0.000    0.000    0.000        0    0.000    0.000    0.000    0.000    0.000
 -74.030   40.720        4   12.000    1.052    5.352    0.472    0.088        3   12.900    0.900    4.514    0.300    0.070
 -74.030   40.730        4   37.550    8.225   10.589    1.717    0.219        9   42.944   17.672    9.970    3.479    0.412
 -74.030   40.740        2   10.000    0.000    4.167    0.000    0.000       11   31.136    6.552    8.447    1.360    0.210
 -74.030   40.750        1   52.000   12.950    8.387    2.089    0.249       21   38.512   12.183    9.474    3.250    0.316
 -74.030   40.760        4   34.125    2.750   62.529    5.192    0.081       16   41.609    2.354   31.535    1.844    0.057
 -74.030   40.770        3   23.000    1.520    4.014    0.480    0.066        9   35.946    2.909    7.723    0.630    0.081
 -74.030   40.780        0    0.000    0.000    0.000    0.000    0.000        0    0.000    0.000    0.000    0.000    0.000
 -74.030   40.790        0    0.000    0.000    0.000    0.000    0.000        0    0.000    0.000    0.000    0.000    0.000
 -74.030   40.800        0    0.000    0.000    0.000    0.000    0.000        0    0.000    0.000    0.000    0.000    0.000
 -74.030   40.810        0    0.000    0.000    0.000    0.000    0.000        0    0.000    0.000    0.000    0.000    0.000
 -74.030   40.820        0    0.000    0.000    0.000    0.000    0.000        0    0.000    0.000    0.000    0.000    0.000
 -74.030   40.830        0    0.000    0.000    0.000    0.000    0.000        0    0.000    0.000    0.000    0.000    0.000
 -74.030   40.840        0    0.000    0.000    0.000    0.000    0.000        0    0.000    0.000    0.000    0.000    0.000
 -74.030   40.850        0    0.000    0.000    0.000    0.000    0.000        0    0.000    0.000    0.000    0.000    0.000
 -74.030   40.860        0    0.000    0.000    0.000    0.000    0.000        0    0.000    0.000    0.000    0.000    0.000
 -74.030   40.870        0    0.000    0.000    0.000    0.000    0.000        0    0.000    0.000    0.000    0.000    0.000
 -74.020   40.680        4   11.875    0.925    4.169    0.397    0.078       63   27.175    0.999    3.219    0.139    0.037
 -74.020   40.690        4   14.000    2.220    5.993    1.194    0.159        1    4.000    1.000   10.000    2.500    0.250
 -74.020   40.700    11131   14.864    1.526    5.023    0.516    0.103    10991   14.330    1.595    5.238    0.578    0.111
 -74.020   40.710    15641   13.364    1.546    5.473    0.681    0.116    13158   13.025    1.653    5.554    0.738    0.127
 -74.020   40.720     1757   13.015    1.976    5.242    0.774    0.152     1927   11.751    1.680    5.400    0.751    0.143
 -74.020   40.730       64    9.750    1.246    5.478    0.712    0.128      212   10.950    1.493    5.260    0.707    0.136
 -74.020   40.740       22   15.250    2.056    5.571    0.883    0.135       28   12.900    1.884    5.338    0.758    0.146
 -74.020   40.750        9   10.111    1.031    6.463    0.705    0.102       10    9.500    0.928    6.825    0.634    0.098
 -74.020   40.760        0    0.000    0.000    0.000    0.000    0.000        0    0.000    0.000    0.000    0.000    0.000
 -74.020   40.770        0    0.000    0.000    0.000    0.000    0.000        0    0.000    0.000    0.000    0.000    0.000
 -74.020   40.780        0    0.000    0.000    0.000    0.000    0.000        0    0.000    0.000    0.000    0.000    0.000
 -74.020   40.790        6   10.000    1.493    5.288    0.741    0.149        7   13.357    1.280    5.170    0.635    0.096
 -74.020   40.800        1   52.000   75.000    5.652    8.152    1.442        1   52.000   75.000    5.652    8.152    1.442
 -74.020   40.810        0    0.000    0.000    0.000    0.000    0.000        0    0.000    0.000    0.000    0.000    0.000
 -74.020   40.820        0    0.000    0.000    0.000    0.000    0.000        0    0.000    0.000    0.000    0.000    0.000
 -74.020   40.830        0    0.000    0.000    0.000    0.000    0.000        0    0.000    0.000    0.000    0.000    0.000
 -74.020   40.840        0    0.000    0.000    0.000    0.000    0.000        0    0.000    0.000    0.000    0.000    0.000
 -74.020   40.850        0    0.000    0.000    0.000    0.000    0.000        0    0.000    0.000    0.000    0.000    0.000
 -74.020   40.860        0    0.000    0.000    0.000    0.000    0.000        0    0.000    0.000    0.000    0.000    0.000
 -74.020   40.870        0    0.000    0.000    0.000    0.000    0.000        0    0.000    0.000    0.000    0.000    0.000
 -74.010   40.680       51   10.971    1.423   12.614    0.441    0.130      216   17.091    2.329    6.112    0.508    0.136
 -74.010   40.690        3   13.733    0.867    5.191    0.333    0.063        9   15.667    1.793    4.280    0.780    0.114
 -74.010   40.700     9358   14.511    1.803    5.296    0.614    0.124     7871   14.189    1.835    5.360    0.626    0.129
 -74.010   40.710    15579   11.424    1.279    6.308    0.805    0.112    14604   10.928    1.340    6.470    0.868    0.123
 -74.010   40.720    23614   10.156    1.333    6.104    0.813    0.131    24154    9.835    1.304    6.251    0.817    0.133
 -74.010   40.730    25919    9.152    1.205    6.310    0.846    0.132    25811    8.675    1.155    6.102    0.836    0.133
 -74.010   40.740    26564    9.954    1.276    6.221    0.784    0.128    28016    9.451    1.206    6.074    0.766    0.128
 -74.010   40.750    11640    9.679    1.241    6.369    0.773    0.128    12402    9.483    1.217    6.381    0.775    0.128
 -74.010   40.760     1666   11.086    1.161    5.681    0.592    0.105     3110   10.722    1.295    6.017    0.726    0.121
 -74.010   40.770        5   15.120    1.858    4.259    0.431    0.123        7   17.943    3.091    5.467    0.612    0.172
 -74.010   40.780        1   13.000    0.000    3.824    0.000    0.000        6   32.785    5.425    6.528    1.134    0.165
 -74.010   40.790        0    0.000    0.000    0.000    0.000    0.000        0    0.000    0.000    0.000    0.000    0.000
 -74.010   40.800        0    0.000    0.000    0.000    0.000    0.000        0    0.000    0.000    0.000    0.000    0.000
 -74.010   40.810        0    0.000    0.000    0.000    0.000    0.000        0    0.000    0.000    0.000    0.000    0.000
 -74.010   40.820        0    0.000    0.000    0.000    0.000    0.000        0    0.000    0.000    0.000    0.000    0.000
 -74.010   40.830        2   18.750    2.730    4.897    0.734    0.146        3   15.833    1.820    5.348    0.489    0.115
 -74.010   40.840        0    0.000    0.000    0.000    0.000    0.000        0    0.000    0.000    0.000    0.000    0.000
 -74.010   40.850        0    0.000    0.000    0.000    0.000    0.000        0    0.000    0.000    0.000    0.000    0.000
 -74.010   40.860        0    0.000    0.000    0.000    0.000    0.000        0    0.000    0.000    0.000    0.000    0.000
 -74.010   40.870        0    0.000    0.000    0.000    0.000    0.000        0    0.000    0.000    0.000    0.000    0.000
 -74.000   40.680      556   12.008    1.618    6.387    0.747    0.135      936   17.429    2.480    4.825    0.665    0.142
 -74.000   40.690      783   12.164    1.475    6.028    0.656    0.121     1819   16.061    2.104    4.961    0.575    0.131
 -74.000   40.700      265   14.157    0.944    4.745    0.361    0.067      735   14.513    1.570    4.576    0.471    0.108
 -74.000   40.710     7350   11.332    1.137    5.796    0.594    0.100     8192   11.060    1.082    6.075    0.606    0.098
 -74.000   40.720    32146   10.124    1.245    6.331    0.782    0.123    29678    9.845    1.213    6.610    0.822    0.123
 -74.000   40.730    41749    9.138    1.167    6.668    0.844    0.128    37955    8.608    1.107    6.424    0.822    0.129
 -74.000   40.740    49617    9.348    1.160    6.840    0.854    0.124    49582    9.096    1.162    6.918    0.884    0.128
 -74.000   40.750    46423   10.030    1.112    6.710    0.712    0.111    47561    9.598    1.079    7.071    0.765    0.112
 -74.000   40.760    14632    9.472    1.129    5.922    0.691    0.119    15382    9.622    1.125    6.134    0.709    0.117
 -74.000   40.770     1827    9.533    1.122    5.959    0.686    0.118     2014    9.515    1.205    6.246    0.772    0.127
 -74.000   40.780        4   10.625    1.353    5.689    0.769    0.127        5   10.500    0.250    7.590    0.227    0.024
 -74.000   40.790        0    0.000    0.000    0.000    0.000    0.000        0    0.000    0.000    0.000    0.000    0.000
 -74.000   40.800        0    0.000    0.000    0.000    0.000    0.000        0    0.000    0.000    0.000    0.000    0.000
 -74.000   40.810        0    0.000    0.000    0.000    0.000    0.000        0    0.000    0.000    0.000    0.000    0.000
 -74.000   40.820        0    0.000    0.000    0.000    0.000    0.000        0    0.000    0.000    0.000    0.000    0.000
 -74.000   40.830        0    0.000    0.000    0.000    0.000    0.000        0    0.000    0.000    0.000    0.000    0.000
 -74.000   40.840        0    0.000    0.000    0.000    0.000    0.000        0    0.000    0.000    0.000    0.000    0.000
 -74.000   40.850        0    0.000    0.000    0.000    0.000    0.000        0    0.000    0.000    0.000    0.000    0.000
 -74.000   40.860        0    0.000    0.000    0.000    0.000    0.000        0    0.000    0.000    0.000    0.000    0.000
 -74.000   40.870        0    0.000    0.000    0.000    0.000    0.000        0    0.000    0.000    0.000    0.000    0.000
 -73.990   40.680      423   11.816    1.391    5.612    0.598    0.118      612   16.195    2.040    4.983    0.560    0.126
 -73.990   40.690      868   13.684    1.386    6.381    0.556    0.101     1153   15.936    1.747    6.111    0.620    0.110
 -73.990   40.700      250   13.641    1.647    4.650    0.549    0.121      823   15.082    2.202    4.612    0.635    0.146
 -73.990   40.710     2842   11.025    1.320    6.125    0.685    0.120     4305   11.650    1.265    5.715    0.616    0.109
 -73.990   40.720    18789    9.885    1.228    6.088    0.735    0.124    19102    9.947    1.234    6.034    0.727    0.124
 -73.990   40.730    37070    9.415    1.188    6.736    0.837    0.126    33296    8.742    1.131    6.660    0.839    0.129
 -73.990   40.740    55590    9.137    1.114    6.985    0.837    0.122    52405    9.103    1.106    6.999    0.840    0.122
 -73.990   40.750    56078    9.147    0.990    6.989    0.740    0.108    58481    9.429    1.002    7.314    0.765    0.106
 -73.990   40.760    50350    9.255    1.092    6.819    0.775    0.118    46767    9.291    1.026    6.856    0.731    0.110
 -73.990   40.770    35387    9.091    1.044    6.568    0.728    0.115    36840    8.758    1.015    6.788    0.745    0.116
 -73.990   40.780    11797    8.676    0.969    7.658    0.737    0.112    10619    9.040    1.057    6.975    0.740    0.117
 -73.990   40.790        8    7.875    1.337    7.412    0.854    0.170       37    9.284    0.596    6.432    0.284    0.064
 -73.990   40.800        0    0.000    0.000    0.000    0.000    0.000        0    0.000    0.000    0.000    0.000    0.000
 -73.990   40.810        0    0.000    0.000    0.000    0.000    0.000        0    0.000    0.000    0.000    0.000    0.000
 -73.990   40.820        0    0.000    0.000    0.000    0.000    0.000        0    0.000    0.000    0.000    0.000    0.000
 -73.990   40.830        2    7.250    0.900    7.827    0.750    0.124        2    7.250    1.550    6.542    1.400    0.214
 -73.990   40.840        0    0.000    0.000    0.000    0.000    0.000        0    0.000    0.000    0.000    0.000    0.000
 -73.990   40.850        0    0.000    0.000    0.000    0.000    0.000        0    0.000    0.000    0.000    0.000    0.000
 -73.990   40.860        0    0.000    0.000    0.000    0.000    0.000        0    0.000    0.000    0.000    0.000    0.000
 -73.990   40.870        0    0.000    0.000    0.000    0.000    0.000        0    0.000    0.000    0.000    0.000    0.000
 -73.980   40.680      414   11.712    1.431    7.234    0.680    0.122      714   17.448    2.372    5.691    0.593    0.136
 -73.980   40.690       81    9.525    0.710    5.849    0.284    0.075      295   15.776    1.897    4.771    0.561    0.120
 -73.980   40.700        3   11.000    0.667    8.117    0.952    0.061       13   23.000    3.462    5.045    0.760    0.151
 -73.980   40.710      253   12.430    1.290    8.424    0.540    0.104     1272   11.626    1.100    5.495    0.455    0.095
 -73.980   40.720     2465    9.979    1.150    6.002    0.668    0.115     4191    9.702    1.016    6.024    0.616    0.105
 -73.980   40.730     7092   10.218    1.128    6.341    0.696    0.110     8519    9.416    1.062    6.260    0.683    0.113
 -73.980   40.740    29065    9.415    1.149    6.804    0.801    0.122    29765    9.090    1.095    6.947    0.802    0.121
 -73.980   40.750    77779    9.394    1.131    7.186    0.837    0.120    74580    9.300    1.092    7.332    0.842    0.117
 -73.980   40.760    61169    9.221    1.027    6.852    0.734    0.111    56970    9.360    1.013    7.194    0.761    0.108
 -73.980   40.770    11677    9.308    1.047    6.286    0.681    0.112    12415    8.767    1.021    6.234    0.700    0.116
 -73.980   40.780    35098    9.080    1.015    6.338    0.681    0.112    33848    8.786    1.005    6.179    0.697    0.114
 -73.980   40.790    14102    9.320    1.060    6.301    0.695    0.114    14655    9.103    1.027    6.513    0.672    0.113
 -73.980   40.800       22   10.727    1.585    5.336    0.661    0.148      309   10.120    1.137    5.393    0.586    0.112
 -73.980   40.810        0    0.000    0.000    0.000    0.000    0.000        0    0.000    0.000    0.000    0.000    0.000
 -73.980   40.820        0    0.000    0.000    0.000    0.000    0.000        0    0.000    0.000    0.000    0.000    0.000
 -73.980   40.830        0    0.000    0.000    0.000    0.000    0.000        0    0.000    0.000    0.000    0.000    0.000
 -73.980   40.840        0    0.000    0.000    0.000    0.000    0.000        0    0.000    0.000    0.000    0.000    0.000
 -73.980   40.850        0    0.000    0.000    0.000    0.000    0.000        0    0.000    0.000    0.000    0.000    0.000
 -73.980   40.860        3   32.000    7.757    4.291    0.713    0.242        7   45.859    6.057    4.296    0.546    0.132
 -73.980   40.870        0    0.000    0.000    0.000    0.000    0.000        0    0.000    0.000    0.000    0.000    0.000
 -73.970   40.680       95   10.993    1.556    5.834    0.637    0.142      367   18.168    2.492    4.625    0.574    0.137
 -73.970   40.690      118   10.808    1.207    4.966    0.494    0.112      433   18.149    2.121    4.410    0.511    0.117
 -73.970   40.700       67   12.373    1.239    5.890    0.562    0.100      473   17.145    1.200    4.522    0.328    0.070
 -73.970   40.710      441   12.442    1.566    6.556    0.872    0.126     1601   16.243    2.171    4.870    0.653    0.134
 -73.970   40.720        6   14.417    2.337    5.436    1.065    0.162      101   17.353    2.330    4.399    0.586    0.134
 -73.970   40.730        1   12.500    0.000    5.435    0.000    0.000        3   17.167    2.287    3.920    0.534    0.133
 -73.970   40.740      367   10.318    1.044    6.392    0.697    0.101      466   10.734    1.128    5.990    0.559    0.105
 -73.970   40.750    23125    9.175    1.044    6.722    0.711    0.114    24265    9.148    1.000    6.898    0.701    0.109
 -73.970   40.760    60174    8.697    0.978    6.847    0.747    0.112    52480    8.708    0.969    7.302    0.786    0.111
 -73.970   40.770    38450    9.215    0.950    6.608    0.684    0.103    35939    8.614    0.942    6.663    0.717    0.109
 -73.970   40.780     7757    9.355    1.024    6.310    0.691    0.109     7485    8.897    1.009    6.294    0.712    0.113
 -73.970   40.790    14037    9.155    1.000    6.286    0.668    0.109    11480    9.217    1.015    6.229    0.640    0.110
 -73.970   40.800     7999   10.710    1.213    5.848    0.619    0.113     9996   10.268    1.169    5.417    0.579    0.114
 -73.970   40.810      793   11.493    1.374    5.611    0.654    0.120     1172   11.680    1.373    5.146    0.567    0.118
 -73.970   40.820        0    0.000    0.000    0.000    0.000    0.000        0    0.000    0.000    0.000    0.000    0.000
 -73.970   40.830        0    0.000    0.000    0.000    0.000    0.000        0    0.000    0.000    0.000    0.000    0.000
 -73.970   40.840        0    0.000    0.000    0.000    0.000    0.000        0    0.000    0.000    0.000    0.000    0.000
 -73.970   40.850        0    0.000    0.000    0.000    0.000    0.000        0    0.000    0.000    0.000    0.000    0.000
 -73.970   40.860        0    0.000    0.000    0.000    0.000    0.000        0    0.000    0.000    0.000    0.000    0.000
 -73.970   40.870        0    0.000    0.000    0.000    0.000    0.000        0    0.000    0.000    0.000    0.000    0.000
 -73.960   40.680       70   11.953    1.090    4.779    0.424    0.091      232   21.370    2.816    4.317    0.566    0.132
 -73.960   40.690       69    8.757    0.643    6.446    0.418    0.073      279   21.759    1.931    4.701    0.391    0.089
 -73.960   40.700      138   11.314    1.039    5.956    0.487    0.092      451   19.661    1.108    4.608    0.292    0.056
 -73.960   40.710      878   11.371    1.373    5.834    0.689    0.121     1328   15.995    2.193    4.755    0.618    0.137
 -73.960   40.720      223   10.725    1.470    5.627    0.737    0.137      789   16.498    2.349    4.641    0.672    0.142
 -73.960   40.730      134   10.559    1.123    5.202    0.567    0.106      538   16.337    2.502    4.299    0.641    0.153
 -73.960   40.740      416   17.048    2.434    7.273    0.934    0.143     1168   14.185    2.167    4.615    0.679    0.153
 -73.960   40.750      417   11.971    1.157    6.928    0.692    0.097      718   11.956    1.206    7.117    0.669    0.101
 -73.960   40.760    28609   10.242    1.122    6.481    0.682    0.110    27427    9.587    1.082    6.712    0.721    0.113
 -73.960   40.770    53687    8.718    0.991    6.866    0.749    0.114    50625    8.493    0.977    6.797    0.751    0.115
 -73.960   40.780    34557    9.513    1.062    6.589    0.719    0.112    36631    9.217    1.048    6.401    0.710    0.114
 -73.960   40.790     2027   10.660    1.146    5.994    0.573    0.107     2684   10.444    1.114    5.837    0.587    0.107
 -73.960   40.800     2117    9.929    1.130    5.832    0.611    0.114     3900   10.973    1.193    5.310    0.548    0.109
 -73.960   40.810     1493   10.481    1.051    6.804    0.539    0.100     1829   12.004    1.195    5.830    0.488    0.100
 -73.960   40.820      686   13.125    1.332    5.787    0.479    0.102      828   14.511    1.395    5.234    0.420    0.096
 -73.960   40.830        1   32.500    0.000    3.837    0.000    0.000        2   26.000    1.500    3.221    0.206    0.058
 -73.960   40.840        0    0.000    0.000    0.000    0.000    0.000        0    0.000    0.000    0.000    0.000    0.000
 -73.960   40.850        0    0.000    0.000    0.000    0.000    0.000        0    0.000    0.000    0.000    0.000    0.000
 -73.960   40.860        0    0.000    0.000    0.000    0.000    0.000        0    0.000    0.000    0.000    0.000    0.000
 -73.960   40.870        0    0.000    0.000    0.000    0.000    0.000        0    0.000    0.000    0.000    0.000    0.000
 -73.950   40.680       12   13.417    0.625    4.753    0.300    0.047      112   23.031    3.109    4.389    0.583    0.135
 -73.950   40.690       28   10.275    0.663    4.992    0.256    0.065      139   20.391    2.118    4.499    0.460    0.104
 -73.950   40.700       52   11.577    0.896    5.539    0.391    0.077      240   18.504    1.985    4.552    0.501    0.107
 -73.950   40.710      160   10.956    1.379    5.552    0.683    0.126      546   16.725    2.165    4.499    0.565    0.129
 -73.950   40.720      123   11.752    1.473    5.254    0.673    0.125      422   16.156    2.051    4.446    0.598    0.127
 -73.950   40.730       19   24.195    1.955   12.990    0.730    0.081       40   15.772    2.062    5.576    0.550    0.131
 -73.950   40.740      442   12.747    1.411    6.567    0.622    0.111      730   12.185    1.566    5.495    0.572    0.129
 -73.950   40.750      570   10.834    0.930    5.314    0.441    0.086      473   10.484    0.799    5.399    0.381    0.076
 -73.950   40.760      177    9.952    1.139    6.373    0.723    0.114      525   11.914    1.275    5.610    0.599    0.107
 -73.950   40.770    16035    9.674    1.080    6.284    0.679    0.112    16483    9.378    1.063    6.424    0.698    0.113
 -73.950   40.780     7451    9.972    1.025    6.876    0.582    0.103     7496    9.687    1.031    6.821    0.599    0.106
 -73.950   40.790     2473    9.820    0.801    6.613    0.388    0.082     3461    9.650    0.765    5.873    0.380    0.079
 -73.950   40.800     1190   10.011    0.813    6.156    0.401    0.081     2896   11.768    1.146    5.210    0.449    0.097
 -73.950   40.810      455   10.127    0.955    6.123    0.478    0.094     1321   13.742    1.318    4.826    0.407    0.096
 -73.950   40.820      377   11.273    0.948    6.164    0.394    0.084     1179   15.622    1.464    4.773    0.430    0.094
 -73.950   40.830      359   13.965    1.154    5.456    0.348    0.083      916   18.063    1.511    4.209    0.306    0.084
 -73.950   40.840      211   18.332    1.964    4.622    0.386    0.107      720   22.339    2.569    3.756    0.405    0.115
 -73.950   40.850        3   19.833    4.150    3.333    0.727    0.209       53   22.274    1.927    3.668    0.376    0.087
 -73.950   40.860        0    0.000    0.000    0.000    0.000    0.000        0    0.000    0.000    0.000    0.000    0.000
 -73.950   40.870        0    0.000    0.000    0.000    0.000    0.000        0    0.000    0.000    0.000    0.000    0.000
 -73.940   40.680        6   13.333    0.000    5.108    0.000    0.000       81   24.698    2.459    4.196    0.464    0.100
 -73.940   40.690       30   11.083    1.052    5.716    0.522    0.095      124   21.033    2.343    4.473    0.464    0.111
 -73.940   40.700       43   12.388    1.487    5.880    0.488    0.120      135   19.494    2.229    4.617    0.437    0.114
 -73.940   40.710       11   14.045    2.829    5.875    0.532    0.201       78   17.942    2.125    4.502    0.576    0.118
 -73.940   40.720       15   18.247    1.321    8.964    0.579    0.072       62   16.887    1.904    5.458    0.431    0.113
 -73.940   40.730       50   30.780    3.965   19.074    0.903    0.129       67   15.709    1.361   13.716    0.452    0.087
 -73.940   40.740      375   11.380    0.967    5.568    0.378    0.085      346   13.460    1.323    5.516    0.449    0.098
 -73.940   40.750      686   11.519    1.091    8.416    0.471    0.095      644   11.820    1.049    9.500    0.466    0.089
 -73.940   40.760      396   10.215    0.844    5.748    0.376    0.083      424   12.202    1.262    5.112    0.410    0.103
 -73.940   40.770        4   10.000    0.965    4.886    0.622    0.097       59   10.551    0.748    5.246    0.316    0.071
 -73.940   40.780       16    7.750    0.916    6.194    0.530    0.118       81   10.064    0.694    4.751    0.277    0.069
 -73.940   40.790     1231    9.916    0.818    5.911    0.492    0.082     2616   10.871    0.949    5.034    0.433    0.087
 -73.940   40.800      916   10.623    0.824   11.287    0.358    0.078     2607   10.796    1.104    6.787    0.455    0.102
 -73.940   40.810      208    9.581    0.767    6.082    0.457    0.080      596   14.708    1.122    4.749    0.358    0.076
 -73.940   40.820       83   10.699    0.508    6.226    0.224    0.047      340   15.464    1.047    4.527    0.259    0.068
 -73.940   40.830        8   17.812    1.704    5.117    0.259    0.096      175   18.206    1.430    4.343    1.576    0.079
 -73.940   40.840      189   14.921    1.464    9.785    2.095    0.098      538   21.051    1.760    5.314    0.491    0.084
 -73.940   40.850       90   12.244    1.228    6.055    0.413    0.100      711   23.196    2.625    3.687    0.382    0.113
 -73.940   40.860        9   15.667    0.667    3.539    0.225    0.043       64   24.125    2.151    3.175    0.265    0.089
 -73.940   40.870        0    0.000    0.000    0.000    0.000    0.000        0    0.000    0.000    0.000    0.000    0.000
 -73.930   40.680       12   10.000    0.685    5.842    0.548    0.068       67   24.630    2.426    4.524    0.449    0.098
 -73.930   40.690       21   15.952    2.540    5.285    0.932    0.159      105   25.114    2.216    4.421    0.452    0.088
 -73.930   40.700       16   12.375    1.689    4.913    0.545    0.137      137   22.730    3.188    4.340    0.579    0.140
 -73.930   40.710        1    6.500    0.000    4.422    0.000    0.000        8   24.212    5.806    4.314    0.836    0.240
 -73.930   40.720        4   23.125    5.332    4.771    0.745    0.231        5   19.000    4.146    4.107    0.420    0.218
 -73.930   40.730       35   35.600    3.423    8.593    0.765    0.096      115   17.378    1.465    5.302    0.331    0.084
 -73.930   40.740      526   13.150    1.119    6.089    0.423    0.085      429   13.786    1.293    5.513    0.392    0.094
 -73.930   40.750      246   10.661    0.927    5.849    0.403    0.087      518   12.546    1.398    5.498    0.505    0.111
 -73.930   40.760      708   11.693    1.163    5.722    0.734    0.099      953   14.614    1.535    5.116    0.690    0.105
 -73.930   40.770      260   14.412    1.607    5.596    0.656    0.111      307   15.430    1.673    4.836    0.410    0.108
 -73.930   40.780       17   33.853    4.685    8.031    1.156    0.138       14   19.500    1.171    4.690    0.414    0.060
 -73.930   40.790       34   32.206    5.443   11.701    1.480    0.169       36   12.528    0.896    5.883    0.269    0.072
 -73.930   40.800       50   13.970    1.074    5.249    0.328    0.077       94   15.527    0.792    4.107    0.210    0.051
 -73.930   40.810       89   10.075    0.709    5.582    0.416    0.070      161   13.748    0.733    4.867    0.276    0.053
 -73.930   40.820       36   13.417    0.357    5.281    0.134    0.027      151   18.861    0.778    4.084    0.176    0.041
 -73.930   40.830       13    9.962    1.020    5.918    0.363    0.102       70   20.081    1.144    4.037    0.169    0.057
 -73.930   40.840        6   15.083    0.187    5.295    0.311    0.012       35   20.591    0.781    4.009    0.250    0.038
 -73.930   40.850        7   17.857    2.779    5.311    0.291    0.156      138   25.364    1.956    3.591    0.242    0.077
 -73.930   40.860       57   16.684    1.357    4.432    0.249    0.081      322   25.669    2.228    3.345    0.275    0.087
 -73.930   40.870        0    0.000    0.000    0.000    0.000    0.000        0    0.000    0.000    0.000    0.000    0.000
 -73.920   40.680        6   22.000    3.823    4.531    0.390    0.174       51   28.647    3.171    4.169    0.425    0.111
 -73.920   40.690        5   19.200    3.224    5.068    0.557    0.168       42   25.536    2.060    4.096    0.335    0.081
 -73.920   40.700       12   36.625    2.772    3.404    0.307    0.076       53   25.730    3.146    3.806    0.456    0.122
 -73.920   40.710        4    8.125    0.000    5.919    0.000    0.000       18   19.222    2.319    3.909    0.460    0.121
 -73.920   40.720        2   52.000   14.530    8.231    2.300    0.279        9   19.611    3.507    4.979    0.761    0.179
 -73.920   40.730       29   32.034    5.134    7.177    1.112    0.160       49   14.561    2.180    5.806    0.521    0.150
 -73.920   40.740      376   11.909    0.937    5.827    0.406    0.079      444   14.836    1.376    5.200    0.407    0.093
 -73.920   40.750      159    9.523    0.671   12.238    0.412    0.070      353   13.231    1.279    8.061    0.469    0.097
 -73.920   40.760      271   11.649    1.089    5.915    0.554    0.094      697   16.574    1.645    7.792    0.442    0.099
 -73.920   40.770      205   12.303    1.426    5.984    0.485    0.116      427   16.322    1.940    4.919    0.518    0.119
 -73.920   40.780       32    9.594    0.850    6.852    0.338    0.089       87   15.471    1.318    5.064    0.330    0.085
 -73.920   40.790        2   34.250    7.530    7.520    1.636    0.220       60   17.608    2.014    3.843    0.459    0.114
 -73.920   40.800        9   14.667    1.363    7.960    0.258    0.093       76   15.151    0.539    4.497    0.128    0.036
 -73.920   40.810       22   10.477    0.785    6.669    0.261    0.075       94   16.771    0.909    4.593    0.233    0.054
 -73.920   40.820        8   13.938    0.975    5.341    0.305    0.070       72   20.625    0.927    4.157    0.174    0.045
 -73.920   40.830       11    6.955    0.000    6.715    0.000    0.000       78   21.663    0.497    4.005    0.104    0.023
 -73.920   40.840        3   12.500    1.587    5.022    0.209    0.127       58   25.345    1.090    3.682    0.133    0.043
 -73.920   40.850        2    9.750    0.000    4.639    0.000    0.000       24   24.917    0.827    3.743    0.097    0.033
 -73.920   40.860        5    5.100    0.000    7.564    0.000    0.000       55   27.073    2.246    3.366    0.281    0.083
 -73.920   40.870        9   12.444    1.522    5.492    0.269    0.122      153   27.106    3.102    3.356    0.356    0.114
 -73.910   40.680        0    0.000    0.000    0.000    0.000    0.000        0    0.000    0.000    0.000    0.000    0.000
 -73.910   40.690        2   23.000    5.000    4.233    2.500    0.217       32   30.516    2.575    3.894    0.343    0.084
 -73.910   40.700        2   11.750    0.500    5.446    0.096    0.043       42   27.881    2.132    3.984    0.311    0.076
 -73.910   40.710        4   12.000    1.140    4.861    0.215    0.095       38   22.461    1.686    3.932    0.271    0.075
 -73.910   40.720       13   36.077    1.479    7.407    0.294    0.041       44   19.175    1.383    3.973    0.207    0.072
 -73.910   40.730        4   24.875    6.575    5.390    1.751    0.264       55   17.036    0.895    4.434    0.200    0.053
 -73.910   40.740      115   10.887    0.739    6.153    0.213    0.068      247   13.923    1.368    5.045    0.400    0.098
 -73.910   40.750       61   10.262    1.352    5.592    0.464    0.132       96   15.653    1.385    4.548    0.376    0.088
 -73.910   40.760       63   12.043    1.289   13.336    0.463    0.107      163   16.060    1.428    7.826    0.370    0.089
 -73.910   40.770       98    9.694    0.973    6.562    0.529    0.100      247   18.818    2.081    4.574    0.496    0.111
 -73.910   40.780        1   30.000    8.830    2.890    0.851    0.294        6   22.667    0.700    3.649    0.120    0.031
 -73.910   40.790        0    0.000    0.000    0.000    0.000    0.000        0    0.000    0.000    0.000    0.000    0.000
 -73.910   40.800        6   13.167    1.390    5.998    0.987    0.106       16   16.125    1.841    5.065    0.582    0.114
 -73.910   40.810        2    9.250    5.000    5.984    3.623    0.541       61   18.730    1.037    4.446    0.217    0.055
 -73.910   40.820        8   15.688    0.244    8.932    0.163    0.016       30   22.317    1.167    4.073    0.368    0.052
 -73.910   40.830        2    5.000    0.830   43.847    0.483    0.166       29   23.552    0.560    6.587    0.124    0.024
 -73.910   40.840        1   25.000    0.000    3.378    0.000    0.000       29   28.862    1.143    3.267    0.109    0.040
 -73.910   40.850        5   10.100    0.000    8.119    0.000    0.000       52   24.664    0.673    3.722    0.084    0.027
 -73.910   40.860        6   18.667    1.167    5.060    0.096    0.062       53   30.019    1.946    3.249    0.217    0.065
 -73.910   40.870       13   12.077    0.673    3.426    0.171    0.056       46   28.065    1.371    3.292    0.134    0.049
