LONGITUD LATITUDE NUM_PICK FARE_PIC TIP_PICK FPD_PICK TPD_PICK TPF_PICK NUM_DROP FARE_DRO FARE_TIP FPD_DROP TPD_DROP TPF_DROP
 -74.050   40.680        0    0.000    0.000    0.000    0.000    0.000        0    0.000    0.000    0.000    0.000    0.000
 -74.050   40.690        1    7.000    0.000    5.833    0.000    0.000        1   14.500    0.000    3.776    0.000    0.000
 -74.050   40.700        0    0.000    0.000    0.000    0.000    0.000        0    0.000    0.000    0.000    0.000    0.000
 -74.050   40.710        2   19.750    3.950    1.610    0.322    0.200        8   35.325    2.888    7.080    0.518    0.082
 -74.050   40.720        2   46.375    0.000  463.750    0.000    0.000        6   44.375    0.833  161.801    0.260    0.019
 -74.050   40.730        4   27.375    2.000   21.199    2.222    0.073        4   43.125    7.500   21.037    3.420    0.174
 -74.050   40.740        1    9.000    1.800    5.000    1.000    0.200        2   28.250    0.500   11.036    0.092    0.018
 -74.050   40.750        2   10.250    1.750    7.089    1.268    0.171        3   24.833   12.117    4.434    1.796    0.488
 -74.050   40.760        0    0.000    0.000    0.000    0.000    0.000        0    0.000    0.000    0.000    0.000    0.000
 -74.050   40.770        0    0.000    0.000    0.000    0.000    0.000        0    0.000    0.000    0.000    0.000    0.000
 -74.050   40.780        1   24.500    7.250    4.097    1.212    0.296       10   51.500    6.847    7.220    1.092    0.133
 -74.050   40.790        1   14.500    0.000    3.519    0.000    0.000        5   41.650    0.000    9.575    0.000    0.000
 -74.050   40.800        0    0.000    0.000    0.000    0.000    0.000        0    0.000    0.000    0.000    0.000    0.000
 -74.050   40.810        0    0.000    0.000    0.000    0.000    0.000        0    0.000    0.000    0.000    0.000    0.000
 -74.050   40.820        0    0.000    0.000    0.000    0.000    0.000        0    0.000    0.000    0.000    0.000    0.000
 -74.050   40.830        0    0.000    0.000    0.000    0.000    0.000        0    0.000    0.000    0.000    0.000    0.000
 -74.050   40.840        0    0.000    0.000    0.000    0.000    0.000        0    0.000    0.000    0.000    0.000    0.000
 -74.050   40.850        0    0.000    0.000    0.000    0.000    0.000        0    0.000    0.000    0.000    0.000    0.000
 -74.050   40.860        0    0.000    0.000    0.000    0.000    0.000        0    0.000    0.000    0.000    0.000    0.000
 -74.050   40.870        0    0.000    0.000    0.000    0.000    0.000        0    0.000    0.000    0.000    0.000    0.000
 -74.040   40.680        0    0.000    0.000    0.000    0.000    0.000        0    0.000    0.000    0.000    0.000    0.000
 -74.040   40.690        0    0.000    0.000    0.000    0.000    0.000        0    0.000    0.000    0.000    0.000    0.000
 -74.040   40.700        0    0.000    0.000    0.000    0.000    0.000        0    0.000    0.000    0.000    0.000    0.000
 -74.040   40.710        6   29.667    3.875   12.316    1.919    0.131       33   43.038    8.685    9.342    1.820    0.202
 -74.040   40.720       10   30.500    3.626   16.639    2.146    0.119       31   33.500   10.210    8.441    1.812    0.305
 -74.040   40.730        7   33.857    3.786  394.089   60.119    0.112       26   29.327    3.243   57.924    0.933    0.111
 -74.040   40.740        2   12.000    1.930    4.978    0.802    0.161       14   46.286    9.306   12.456    2.477    0.201
 -74.040   40.750        0    0.000    0.000    0.000    0.000    0.000        0    0.000    0.000    0.000    0.000    0.000
 -74.040   40.760        0    0.000    0.000    0.000    0.000    0.000        0    0.000    0.000    0.000    0.000    0.000
 -74.040   40.770        1    0.000    0.000    0.000    0.000    0.000        5   43.800    7.442   14.695    2.411    0.170
 -74.040   40.780        1   15.000    1.000    6.250    0.417    0.067        3   25.000    5.807    6.256    1.216    0.232
 -74.040   40.790        1    4.000    0.000   13.333    0.000    0.000        1   20.500    0.000    5.694    0.000    0.000
 -74.040   40.800        0    0.000    0.000    0.000    0.000    0.000        0    0.000    0.000    0.000    0.000    0.000
 -74.040   40.810        0    0.000    0.000    0.000    0.000    0.000        0    0.000    0.000    0.000    0.000    0.000
 -74.040   40.820        0    0.000    0.000    0.000    0.000    0.000        0    0.000    0.000    0.000    0.000    0.000
 -74.040   40.830        0    0.000    0.000    0.000    0.000    0.000        0    0.000    0.000    0.000    0.000    0.000
 -74.040   40.840        0    0.000    0.000    0.000    0.000    0.000        0    0.000    0.000    0.000    0.000    0.000
 -74.040   40.850        0    0.000    0.000    0.000    0.000    0.000        0    0.000    0.000    0.000    0.000    0.000
 -74.040   40.860        0    0.000    0.000    0.000    0.000    0.000        0    0.000    0.000    0.000    0.000    0.000
 -74.040   40.870        0    0.000    0.000    0.000    0.000    0.000        0    0.000    0.000    0.000    0.000    0.000
 -74.030   40.680        0    0.000    0.000    0.000    0.000    0.000        0    0.000    0.000    0.000    0.000    0.000
 -74.030   40.690        0    0.000    0.000    0.000    0.000    0.000        0    0.000    0.000    0.000    0.000    0.000
 -74.030   40.700        3    9.833    0.900    5.968    0.260    0.092        1    6.000    2.000    5.556    1.852    0.333
 -74.030   40.710        5   10.240    0.820    5.569    0.502    0.080        3   13.833    1.767    5.259    0.811    0.128
 -74.030   40.720        0    0.000    0.000    0.000    0.000    0.000        0    0.000    0.000    0.000    0.000    0.000
 -74.030   40.730        1   52.000   16.050   11.556    3.567    0.309       15   45.333   10.333  102.889   29.736    0.228
 -74.030   40.740        3    9.167    0.000    6.039    0.000    0.000        8   27.250    2.171    8.960    0.543    0.080
 -74.030   40.750        6   41.250    6.667   50.408    8.920    0.162       18   39.629    8.040   21.625    4.007    0.203
 -74.030   40.760       11   29.432    1.724   21.099    2.112    0.059       13   28.981    5.552   19.425    6.606    0.192
 -74.030   40.770        2   16.500    6.110   18.152   28.135    0.370        7   31.250    2.717   10.327    0.681    0.087
 -74.030   40.780        0    0.000    0.000    0.000    0.000    0.000        0    0.000    0.000    0.000    0.000    0.000
 -74.030   40.790        0    0.000    0.000    0.000    0.000    0.000        0    0.000    0.000    0.000    0.000    0.000
 -74.030   40.800        0    0.000    0.000    0.000    0.000    0.000        0    0.000    0.000    0.000    0.000    0.000
 -74.030   40.810        0    0.000    0.000    0.000    0.000    0.000        0    0.000    0.000    0.000    0.000    0.000
 -74.030   40.820        0    0.000    0.000    0.000    0.000    0.000        0    0.000    0.000    0.000    0.000    0.000
 -74.030   40.830        0    0.000    0.000    0.000    0.000    0.000        0    0.000    0.000    0.000    0.000    0.000
 -74.030   40.840        0    0.000    0.000    0.000    0.000    0.000        0    0.000    0.000    0.000    0.000    0.000
 -74.030   40.850        0    0.000    0.000    0.000    0.000    0.000        0    0.000    0.000    0.000    0.000    0.000
 -74.030   40.860        0    0.000    0.000    0.000    0.000    0.000        0    0.000    0.000    0.000    0.000    0.000
 -74.030   40.870        0    0.000    0.000    0.000    0.000    0.000        0    0.000    0.000    0.000    0.000    0.000
 -74.020   40.680        9   12.833    0.000    4.679    0.000    0.000      125   26.912    1.011    3.307    0.132    0.038
 -74.020   40.690        3   16.500    1.667    4.656    0.519    0.101        2   20.250    0.000    3.767    0.000    0.000
 -74.020   40.700    11188   14.376    1.546    5.013    0.531    0.108    12202   14.806    1.548    5.067    0.535    0.105
 -74.020   40.710    16447   12.978    1.563    5.180    0.634    0.120    14033   13.166    1.658    5.152    0.659    0.126
 -74.020   40.720     1625   13.090    1.969    5.245    0.782    0.150     1896   11.526    1.724    5.313    0.784    0.150
 -74.020   40.730       69   11.143    1.340    6.195    0.808    0.120      177   10.577    1.372    5.433    0.712    0.130
 -74.020   40.740       22   12.364    1.294    5.955    0.548    0.105       21   14.167    1.877    5.293    0.825    0.133
 -74.020   40.750       16    9.500    1.052    7.038    0.659    0.111       17    8.765    0.935    6.978    0.727    0.107
 -74.020   40.760        2   54.250   10.130   28.923    5.332    0.187        4   36.375    2.190    8.313    0.672    0.060
 -74.020   40.770        5   19.800    4.362   13.621    2.783    0.220        7   32.100    0.286    7.669    0.198    0.009
 -74.020   40.780        0    0.000    0.000    0.000    0.000    0.000        0    0.000    0.000    0.000    0.000    0.000
 -74.020   40.790        1    7.000    1.400    6.306    1.261    0.200        1   21.500    4.460    3.162    0.656    0.207
 -74.020   40.800        0    0.000    0.000    0.000    0.000    0.000        0    0.000    0.000    0.000    0.000    0.000
 -74.020   40.810        0    0.000    0.000    0.000    0.000    0.000        0    0.000    0.000    0.000    0.000    0.000
 -74.020   40.820        0    0.000    0.000    0.000    0.000    0.000        0    0.000    0.000    0.000    0.000    0.000
 -74.020   40.830        0    0.000    0.000    0.000    0.000    0.000        0    0.000    0.000    0.000    0.000    0.000
 -74.020   40.840        0    0.000    0.000    0.000    0.000    0.000        0    0.000    0.000    0.000    0.000    0.000
 -74.020   40.850        0    0.000    0.000    0.000    0.000    0.000        0    0.000    0.000    0.000    0.000    0.000
 -74.020   40.860        4    9.750    1.180    7.244    0.924    0.121        5    9.500    1.316    7.211    1.049    0.139
 -74.020   40.870        0    0.000    0.000    0.000    0.000    0.000        0    0.000    0.000    0.000    0.000    0.000
 -74.010   40.680       32   12.053    2.066    7.329    0.449    0.171      168   17.307    2.067    4.785    0.476    0.119
 -74.010   40.690        4   12.000    0.750    9.642    0.330    0.062        8   10.625    0.475    6.518    0.189    0.045
 -74.010   40.700    10676   14.074    1.838    5.181    0.676    0.131     8226   14.560    1.892    5.331    0.706    0.130
 -74.010   40.710    16474   11.157    1.302    6.008    0.714    0.117    15474   11.104    1.342    5.915    0.730    0.121
 -74.010   40.720    23167   10.016    1.327    6.197    0.811    0.133    25619    9.820    1.318    5.846    0.791    0.134
 -74.010   40.730    25641    9.035    1.229    6.329    0.858    0.136    25936    8.772    1.178    5.985    0.802    0.134
 -74.010   40.740    23985    9.681    1.282    6.149    0.826    0.132    28125    9.363    1.227    5.816    0.779    0.131
 -74.010   40.750    11411    9.748    1.278    6.512    0.849    0.131    14860    9.219    1.205    6.318    0.800    0.131
 -74.010   40.760     2295   10.815    1.134    5.824    0.598    0.105     2625   10.340    1.101    5.946    0.639    0.106
 -74.010   40.770       12    6.675    0.472    5.713    0.480    0.071       10   10.530    0.550    5.210    0.430    0.052
 -74.010   40.780        0    0.000    0.000    0.000    0.000    0.000        0    0.000    0.000    0.000    0.000    0.000
 -74.010   40.790        2   11.250    1.190    6.698    1.118    0.106        1   50.000    0.000    9.434    0.000    0.000
 -74.010   40.800        0    0.000    0.000    0.000    0.000    0.000        0    0.000    0.000    0.000    0.000    0.000
 -74.010   40.810        1   17.500    0.000    3.731    0.000    0.000        1   24.500    4.900    4.739    0.948    0.200
 -74.010   40.820        0    0.000    0.000    0.000    0.000    0.000        0    0.000    0.000    0.000    0.000    0.000
 -74.010   40.830        4    8.000    0.565    8.019    0.435    0.071        3    7.333    0.753    8.609    0.579    0.103
 -74.010   40.840        0    0.000    0.000    0.000    0.000    0.000        0    0.000    0.000    0.000    0.000    0.000
 -74.010   40.850        0    0.000    0.000    0.000    0.000    0.000        0    0.000    0.000    0.000    0.000    0.000
 -74.010   40.860        0    0.000    0.000    0.000    0.000    0.000        0    0.000    0.000    0.000    0.000    0.000
 -74.010   40.870        0    0.000    0.000    0.000    0.000    0.000        0    0.000    0.000    0.000    0.000    0.000
 -74.000   40.680      716   13.666    1.861    5.820    0.681    0.136      873   16.733    2.418    5.037    0.628    0.144
 -74.000   40.690      921   13.403    1.692    5.426    0.660    0.126     1674   15.511    2.008    4.727    0.607    0.129
 -74.000   40.700      243   12.786    1.427    4.932    0.535    0.112      733   14.724    1.569    4.302    0.478    0.107
 -74.000   40.710     6843   11.178    1.147    5.957    0.619    0.103     9724   11.116    1.159    6.003    0.639    0.104
 -74.000   40.720    28381    9.778    1.273    6.256    0.816    0.130    33382    9.910    1.244    6.212    0.792    0.126
 -74.000   40.730    40257    8.983    1.169    6.676    0.873    0.130    39345    8.698    1.133    6.433    0.857    0.130
 -74.000   40.740    51597    9.256    1.131    6.870    0.840    0.122    47269    9.133    1.177    6.993    0.873    0.129
 -74.000   40.750    50054    9.995    1.056    6.821    0.700    0.106    44505    9.707    1.110    6.987    0.769    0.114
 -74.000   40.760    15794    9.504    1.141    6.027    0.714    0.120    15617    9.693    1.118    6.188    0.717    0.115
 -74.000   40.770     1947    9.709    1.297    5.866    0.787    0.134     1692    9.388    1.187    5.985    0.748    0.126
 -74.000   40.780        1   14.000    0.000    6.087    0.000    0.000        4   12.750    2.200    4.846    0.833    0.173
 -74.000   40.790        1    6.000    0.000    4.651    0.000    0.000        3   11.667    1.793    6.619    0.842    0.154
 -74.000   40.800        0    0.000    0.000    0.000    0.000    0.000        0    0.000    0.000    0.000    0.000    0.000
 -74.000   40.810        1  147.500    0.000    5.924    0.000    0.000        3   71.833    3.687    6.679    0.567    0.051
 -74.000   40.820        1   10.500    0.000    7.000    0.000    0.000        2    8.250    1.350    7.976    0.900    0.164
 -74.000   40.830        0    0.000    0.000    0.000    0.000    0.000        0    0.000    0.000    0.000    0.000    0.000
 -74.000   40.840        0    0.000    0.000    0.000    0.000    0.000        0    0.000    0.000    0.000    0.000    0.000
 -74.000   40.850        0    0.000    0.000    0.000    0.000    0.000        0    0.000    0.000    0.000    0.000    0.000
 -74.000   40.860        0    0.000    0.000    0.000    0.000    0.000        0    0.000    0.000    0.000    0.000    0.000
 -74.000   40.870        0    0.000    0.000    0.000    0.000    0.000        0    0.000    0.000    0.000    0.000    0.000
 -73.990   40.680      466   12.245    1.723    5.785    0.681    0.141      554   15.766    1.956    5.378    0.568    0.124
 -73.990   40.690     1013   13.052    1.438    4.852    0.481    0.110     1050   15.715    1.813    4.871    0.527    0.115
 -73.990   40.700      319   12.595    1.555    4.680    0.599    0.123      803   14.873    2.124    4.518    0.611    0.143
 -73.990   40.710     2614   10.971    1.336    5.928    0.676    0.122     3981   11.632    1.298    5.583    0.602    0.112
 -73.990   40.720    18714    9.837    1.272    5.993    0.772    0.129    19816    9.805    1.231    5.899    0.744    0.126
 -73.990   40.730    37971    9.235    1.192    6.642    0.863    0.129    32816    8.798    1.120    6.474    0.828    0.127
 -73.990   40.740    55622    9.051    1.135    7.053    0.882    0.125    53840    9.224    1.152    7.137    0.881    0.125
 -73.990   40.750    56477    9.171    0.997    7.162    0.766    0.109    63361    9.603    1.066    7.686    0.815    0.111
 -73.990   40.760    51344    9.232    1.059    6.877    0.767    0.115    50434    9.248    1.052    7.106    0.764    0.114
 -73.990   40.770    33514    9.002    1.069    6.410    0.748    0.119    33691    8.605    0.987    6.498    0.723    0.115
 -73.990   40.780    11025    8.730    1.001    6.536    0.724    0.115     8711    8.729    1.015    6.350    0.726    0.116
 -73.990   40.790       12    6.350    0.555    6.466    0.377    0.087       39    9.321    1.261    5.482    0.694    0.135
 -73.990   40.800        1    5.000    0.000    5.618    0.000    0.000        1    5.000    0.000    5.618    0.000    0.000
 -73.990   40.810        1    6.500    0.000    9.286    0.000    0.000        4   27.625   12.500    6.518    1.761    0.452
 -73.990   40.820        0    0.000    0.000    0.000    0.000    0.000        0    0.000    0.000    0.000    0.000    0.000
 -73.990   40.830        0    0.000    0.000    0.000    0.000    0.000        0    0.000    0.000    0.000    0.000    0.000
 -73.990   40.840        0    0.000    0.000    0.000    0.000    0.000        0    0.000    0.000    0.000    0.000    0.000
 -73.990   40.850        0    0.000    0.000    0.000    0.000    0.000        0    0.000    0.000    0.000    0.000    0.000
 -73.990   40.860        0    0.000    0.000    0.000    0.000    0.000        0    0.000    0.000    0.000    0.000    0.000
 -73.990   40.870        3   10.667    0.553    4.680    0.426    0.052        3   12.000    0.820    4.367    0.345    0.068
 -73.980   40.680      443   11.956    1.673    5.436    0.670    0.140      688   16.471    2.164    4.727    0.574    0.131
 -73.980   40.690       75    9.793    1.175    5.589    0.564    0.120      260   15.698    1.956    5.051    0.545    0.125
 -73.980   40.700        4    8.750    0.630    9.283    1.366    0.072       30   18.417    2.091    4.868    0.522    0.114
 -73.980   40.710      200   11.451    1.444    5.272    0.570    0.126      966   11.527    1.111    4.791    0.449    0.096
 -73.980   40.720     3002    9.893    1.206    5.723    0.684    0.122     3252    9.571    1.081    5.775    0.644    0.113
 -73.980   40.730     8016    9.919    1.133    6.189    0.696    0.114     7340    9.280    1.017    6.097    0.686    0.110
 -73.980   40.740    32537    9.328    1.152    6.721    0.826    0.123    27936    9.239    1.107    7.027    0.830    0.120
 -73.980   40.750    81010    9.350    1.099    7.196    0.826    0.118    79361    9.327    1.169    7.280    0.870    0.125
 -73.980   40.760    57840    9.189    1.010    6.938    0.734    0.110    63898    9.359    1.085    7.227    0.816    0.116
 -73.980   40.770    11640    9.065    1.066    6.023    0.704    0.118    11798    8.564    1.008    6.047    0.713    0.118
 -73.980   40.780    32665    9.049    1.058    5.991    0.696    0.117    31292    8.621    0.992    5.959    0.692    0.115
 -73.980   40.790    13865    9.623    1.129    5.892    0.674    0.117    11532    8.688    1.000    6.053    0.681    0.115
 -73.980   40.800       28   12.025    1.293    9.274    0.503    0.108      239    9.352    1.197    5.449    0.677    0.128
 -73.980   40.810        0    0.000    0.000    0.000    0.000    0.000        0    0.000    0.000    0.000    0.000    0.000
 -73.980   40.820        2   10.000    1.200    4.552    0.391    0.120        1   47.500    7.000    4.318    0.636    0.147
 -73.980   40.830        1    8.500    1.000    6.071    0.714    0.118        1    9.000    1.900    6.429    1.357    0.211
 -73.980   40.840        0    0.000    0.000    0.000    0.000    0.000        0    0.000    0.000    0.000    0.000    0.000
 -73.980   40.850        0    0.000    0.000    0.000    0.000    0.000        0    0.000    0.000    0.000    0.000    0.000
 -73.980   40.860        1    8.000    0.000    4.734    0.000    0.000        4   43.000    8.540    5.421    0.718    0.199
 -73.980   40.870        0    0.000    0.000    0.000    0.000    0.000        0    0.000    0.000    0.000    0.000    0.000
 -73.970   40.680      100   12.105    1.693    5.145    0.575    0.140      323   18.211    2.544    4.461    0.622    0.140
 -73.970   40.690      114   13.557    1.770    5.492    0.606    0.131      370   17.093    2.147    4.395    0.514    0.126
 -73.970   40.700       52   11.683    0.996    5.754    0.483    0.085      441   16.860    1.124    4.316    0.329    0.067
 -73.970   40.710      480   12.544    1.551    5.507    0.635    0.124     1482   15.666    1.964    4.436    0.549    0.125
 -73.970   40.720       21   15.333    2.411    4.671    0.778    0.157       75   16.820    2.160    4.319    0.562    0.128
 -73.970   40.730        5    9.300    1.462   10.450    1.022    0.157        6   12.667    1.462    9.028    0.805    0.115
 -73.970   40.740      444    9.633    0.881    6.460    0.593    0.091      421   10.700    1.180    5.931    0.642    0.110
 -73.970   40.750    26339    9.229    1.039    6.852    0.739    0.113    23394    8.897    1.020    6.702    0.734    0.115
 -73.970   40.760    58285    8.601    0.976    6.848    0.747    0.113    54656    8.546    0.963    7.071    0.766    0.113
 -73.970   40.770    34207    8.936    0.948    6.720    0.699    0.106    35306    8.559    0.917    6.510    0.686    0.107
 -73.970   40.780     6349    9.046    1.020    5.973    0.660    0.113     5854    8.480    0.982    6.027    0.679    0.116
 -73.970   40.790    12234    9.077    1.036    5.711    0.637    0.114     8941    8.829    0.989    5.724    0.620    0.112
 -73.970   40.800     7719   10.911    1.255    5.532    0.614    0.115     8694   10.059    1.184    5.357    0.605    0.118
 -73.970   40.810      859   11.272    1.374    5.317    0.585    0.122     1279   11.379    1.294    4.929    0.544    0.114
 -73.970   40.820        0    0.000    0.000    0.000    0.000    0.000        0    0.000    0.000    0.000    0.000    0.000
 -73.970   40.830        0    0.000    0.000    0.000    0.000    0.000        0    0.000    0.000    0.000    0.000    0.000
 -73.970   40.840        1    8.500    0.000    6.538    0.000    0.000        1   50.000   18.520    5.181    1.919    0.370
 -73.970   40.850        2   34.250    0.000   27.115    0.000    0.000        4   36.750    2.453   14.239    0.200    0.067
 -73.970   40.860        0    0.000    0.000    0.000    0.000    0.000        0    0.000    0.000    0.000    0.000    0.000
 -73.970   40.870        0    0.000    0.000    0.000    0.000    0.000        0    0.000    0.000    0.000    0.000    0.000
 -73.960   40.680       68   13.191    1.748    4.761    0.602    0.133      166   18.907    2.528    4.219    0.524    0.134
 -73.960   40.690       71    9.527    1.290    5.711    0.563    0.135      232   19.823    1.493    4.297    0.372    0.075
 -73.960   40.700      107   11.667    1.071    5.774    0.793    0.092      374   17.677    1.074    4.413    0.384    0.061
 -73.960   40.710      930   11.792    1.516    5.687    0.707    0.129     1357   15.326    1.971    4.701    0.603    0.129
 -73.960   40.720      217   12.068    1.719    5.326    0.734    0.142      855   16.370    2.316    4.449    0.614    0.141
 -73.960   40.730      159   11.295    1.612    4.973    0.714    0.143      464   15.896    2.180    4.328    0.594    0.137
 -73.960   40.740      474   15.894    2.665    5.988    0.945    0.168      961   13.817    2.175    4.766    0.944    0.157
 -73.960   40.750      517   10.059    0.957    6.807    0.602    0.095      682   10.335    1.180    6.370    0.681    0.114
 -73.960   40.760    28423   10.218    1.156    6.585    0.696    0.113    26413    9.564    1.051    6.939    0.706    0.110
 -73.960   40.770    51520    8.887    1.039    6.643    0.733    0.117    46009    8.119    0.951    6.811    0.749    0.117
 -73.960   40.780    31102    9.425    1.075    6.447    0.709    0.114    30906    8.934    1.002    6.251    0.682    0.112
 -73.960   40.790     1936   10.379    1.106    5.716    0.569    0.107     2476    9.939    1.042    5.656    0.571    0.105
 -73.960   40.800     2242   10.305    1.182    5.585    0.604    0.115     3542   10.529    1.122    5.410    0.587    0.107
 -73.960   40.810     1300   10.899    1.205    6.211    0.602    0.111     1753   11.381    1.160    5.325    0.465    0.102
 -73.960   40.820      641   13.024    1.441    5.105    0.527    0.111      663   14.083    1.361    4.786    0.419    0.097
 -73.960   40.830        0    0.000    0.000    0.000    0.000    0.000        0    0.000    0.000    0.000    0.000    0.000
 -73.960   40.840        0    0.000    0.000    0.000    0.000    0.000        0    0.000    0.000    0.000    0.000    0.000
 -73.960   40.850        1    0.000    0.000    0.000    0.000    0.000        1    4.500    0.000    5.000    0.000    0.000
 -73.960   40.860        0    0.000    0.000    0.000    0.000    0.000        0    0.000    0.000    0.000    0.000    0.000
 -73.960   40.870        0    0.000    0.000    0.000    0.000    0.000        0    0.000    0.000    0.000    0.000    0.000
 -73.950   40.680       16   10.500    1.266    5.054    0.604    0.121       92   24.654    2.288    3.997    0.388    0.093
 -73.950   40.690       24   10.229    1.460    5.204    0.767    0.143      115   19.204    1.734    4.321    0.407    0.090
 -73.950   40.700       64   12.195    1.734    5.405    0.716    0.142      247   17.553    1.965    4.436    0.553    0.112
 -73.950   40.710      192   12.366    1.534    5.424    0.628    0.124      503   16.101    2.014    4.327    0.541    0.125
 -73.950   40.720      147   10.511    1.345    5.531    0.776    0.128      423   15.638    2.200    4.430    0.622    0.141
 -73.950   40.730       11   21.545    4.647    7.421    1.480    0.216       45   13.222    1.586    4.863    0.510    0.120
 -73.950   40.740      405   12.127    1.738    6.926    1.342    0.143      732   12.179    1.642    5.148    0.614    0.135
 -73.950   40.750      563   10.734    1.102    5.664    0.461    0.103      473   10.581    1.021    6.059    0.453    0.096
 -73.950   40.760       99   11.268    1.348   31.769    0.648    0.120      344   12.990    1.337   12.668    0.526    0.103
 -73.950   40.770    16373    9.952    1.159    6.175    0.655    0.116    11829    9.005    1.045    6.570    0.695    0.116
 -73.950   40.780     8085   10.335    1.139    5.656    0.580    0.110     5996    9.401    0.959    5.770    0.562    0.102
 -73.950   40.790     2344    9.924    0.828    5.867    0.400    0.083     2908    9.453    0.780    5.384    0.386    0.083
 -73.950   40.800     1224   10.419    1.011    5.637    0.445    0.097     2614   11.743    1.124    5.041    0.427    0.096
 -73.950   40.810      538    9.225    0.846    5.928    0.451    0.092     1188   13.312    1.097    4.664    0.343    0.082
 -73.950   40.820      399   11.250    1.033    5.465    0.367    0.092      997   14.798    1.344    4.545    0.373    0.091
 -73.950   40.830      408   13.885    1.546    5.203    0.465    0.111      845   18.609    1.785    4.054    0.340    0.096
 -73.950   40.840      266   17.698    2.149    5.926    0.397    0.121      886   21.534    2.488    4.065    0.404    0.116
 -73.950   40.850        9   21.500    2.904   25.484    0.314    0.135       67   22.784    3.364    6.341    0.598    0.148
 -73.950   40.860        0    0.000    0.000    0.000    0.000    0.000        0    0.000    0.000    0.000    0.000    0.000
 -73.950   40.870        0    0.000    0.000    0.000    0.000    0.000        0    0.000    0.000    0.000    0.000    0.000
 -73.940   40.680       11    9.864    1.127    5.198    0.530    0.114       77   22.447    2.859    4.228    0.549    0.127
 -73.940   40.690       40   13.705    2.034    5.473    0.679    0.148      132   20.691    2.286    4.335    0.485    0.110
 -73.940   40.700       45   11.656    1.645    5.141    0.856    0.141      175   17.678    2.177    4.365    0.533    0.123
 -73.940   40.710        6    9.417    2.020    5.222    0.907    0.215       82   17.537    2.268    4.336    0.564    0.129
 -73.940   40.720        7   17.286    3.517    4.207    0.662    0.203       52   17.192    1.936    4.230    0.474    0.113
 -73.940   40.730       32   32.281    3.415    9.361    0.895    0.106       64   16.070    1.975    5.062    0.542    0.123
 -73.940   40.740      337   11.520    1.046    5.519    0.419    0.091      394   13.053    1.514    5.028    0.487    0.116
 -73.940   40.750      742   11.206    1.153    7.739    0.589    0.103      594   11.320    1.212    9.560    0.615    0.107
 -73.940   40.760      486   11.546    1.213    5.600    0.442    0.105      417   12.071    1.111    5.702    0.385    0.092
 -73.940   40.770       10   10.750    1.506    6.303    0.691    0.140       57   12.930    0.826    4.972    0.217    0.064
 -73.940   40.780       13   14.938    1.357    6.697    0.591    0.091       73   10.441    0.657    5.084    0.343    0.063
 -73.940   40.790      985    9.486    0.778    5.527    0.380    0.082     2345   10.324    0.928    4.688    0.393    0.090
 -73.940   40.800      822    9.648    0.776    5.446    0.344    0.080     2429   10.504    1.081    4.620    0.458    0.103
 -73.940   40.810      228   11.070    0.812    5.515    0.352    0.073      502   14.013    1.147    4.441    0.331    0.082
 -73.940   40.820       85   11.882    1.013    7.212    0.487    0.085      304   15.853    1.083    4.620    0.272    0.068
 -73.940   40.830       10   16.100    0.685    4.512    0.257    0.043      118   19.759    1.550    3.773    0.272    0.078
 -73.940   40.840      160   14.589    1.396    4.965    0.365    0.096      550   20.966    1.804    3.636    0.275    0.086
 -73.940   40.850       99   15.509    1.977    4.969    0.381    0.128      525   22.292    2.502    3.575    0.364    0.112
 -73.940   40.860       10   17.200    0.385    4.609    0.256    0.022       64   25.609    2.455    3.283    0.295    0.096
 -73.940   40.870        0    0.000    0.000    0.000    0.000    0.000        0    0.000    0.000    0.000    0.000    0.000
 -73.930   40.680       15    9.633    0.873    5.906    0.490    0.091       67   22.421    1.724    4.444    0.315    0.077
 -73.930   40.690       25   14.740    1.641    5.715    0.664    0.111       86   19.973    2.692    4.543    0.587    0.135
 -73.930   40.700       15   11.933    1.855    5.256    0.622    0.155      124   21.227    2.909    4.074    0.542    0.137
 -73.930   40.710        1    7.000    0.000    5.385    0.000    0.000        5   23.700    2.336    3.942    0.344    0.099
 -73.930   40.720        6   34.417    6.710    5.853    0.950    0.195        7   13.500    0.849    4.605    0.397    0.063
 -73.930   40.730       30   25.917    3.409    6.105    0.728    0.132      110   15.591    1.228    4.370    0.340    0.079
 -73.930   40.740      540   13.060    1.359    5.256    0.463    0.104      371   13.913    1.422    5.096    0.387    0.102
 -73.930   40.750      234   10.351    1.200    6.251    0.492    0.116      537   12.270    1.314    5.471    0.470    0.107
 -73.930   40.760      882   11.765    1.265    5.333    0.495    0.108      825   13.441    1.545    5.008    0.497    0.115
 -73.930   40.770      360   12.542    1.344    6.726    0.474    0.107      236   13.886    1.347    8.465    0.394    0.097
 -73.930   40.780        9   25.333    6.642    4.581    1.245    0.262        9   24.556    5.201    5.051    0.995    0.212
 -73.930   40.790       29   21.545    2.812    8.247    1.102    0.131       35   15.386    1.992    5.022    0.626    0.129
 -73.930   40.800       38   13.027    1.557    4.384    0.437    0.119       85   14.588    0.931    4.180    0.230    0.064
 -73.930   40.810       68   11.412    1.126    5.376    0.349    0.099      152   15.576    1.543    4.362    0.353    0.099
 -73.930   40.820       40   14.675    1.127    4.814    0.236    0.077      146   20.250    1.236    3.702    0.228    0.061
 -73.930   40.830       13   11.769    1.255    5.692    0.427    0.107       82   19.624    0.930    3.988    0.181    0.047
 -73.930   40.840        3   19.667    0.000    4.303    0.000    0.000       35   23.043    0.774    3.603    0.090    0.034
 -73.930   40.850        2   32.500    2.500  327.097   31.250    0.077      127   24.185    1.691    8.566    0.743    0.070
 -73.930   40.860       41   16.488    1.752    4.604    0.399    0.106      250   24.339    2.097    3.309    0.270    0.086
 -73.930   40.870        0    0.000    0.000    0.000    0.000    0.000        0    0.000    0.000    0.000    0.000    0.000
 -73.920   40.680        6   15.917    2.220    5.571    1.041    0.139       42   25.405    2.172    4.248    0.434    0.086
 -73.920   40.690        5    8.000    1.020    6.531    0.519    0.128       36   25.361    1.977    4.327    0.312    0.078
 -73.920   40.700       11   22.045    1.351    4.104    0.195    0.061       46   23.989    2.202    4.059    0.364    0.092
 -73.920   40.710        3   11.167    0.667    3.965    0.143    0.060       12   24.083    3.952    4.008    0.646    0.164
 -73.920   40.720        0    0.000    0.000    0.000    0.000    0.000        0    0.000    0.000    0.000    0.000    0.000
 -73.920   40.730       20   21.825    2.787    7.358    0.919    0.128       46   19.587    1.018    5.289    0.446    0.052
 -73.920   40.740      451   13.200    1.243    5.218    0.453    0.094      351   14.621    1.275    5.128    0.416    0.087
 -73.920   40.750      159    9.816    0.779    5.936    0.495    0.079      358   12.087    1.166    5.466    0.493    0.096
 -73.920   40.760      293   11.135    1.195   12.714    0.539    0.107      732   14.856    1.627    4.828    0.467    0.110
 -73.920   40.770      245   12.914    1.616    6.845    0.533    0.125      406   14.925    1.679    5.337    0.500    0.113
 -73.920   40.780       25    9.180    1.252    6.309    0.665    0.136       73   13.479    1.400    4.958    0.361    0.104
 -73.920   40.790        1   23.500   10.000    4.123    1.754    0.426       16   17.500    2.039    4.004    0.416    0.117
 -73.920   40.800        8   13.875    0.932    4.436    0.208    0.067       79   15.968    0.981    4.308    0.229    0.061
 -73.920   40.810       33   10.379    0.627    9.272    0.279    0.060      108   16.509    0.856    5.371    0.208    0.052
 -73.920   40.820       17   10.265    1.657    5.603    0.758    0.161       74   18.764    1.161    4.198    0.271    0.062
 -73.920   40.830       12   10.917    0.905    5.881    0.258    0.083       66   23.189    1.390    3.751    0.183    0.060
 -73.920   40.840        6   16.417    0.962    4.478    0.129    0.059       71   27.275    1.347    3.395    0.163    0.049
 -73.920   40.850        1   22.000    0.000    3.018    0.000    0.000       27   30.352    1.026    3.286    0.088    0.034
 -73.920   40.860        3   15.833    0.500    5.554    0.042    0.032       70   26.810    1.709    3.425    0.246    0.064
 -73.920   40.870        9   17.944    1.658    4.902    0.258    0.092      138   26.458    3.289    3.370    0.400    0.124
 -73.910   40.680        2    7.750    0.000    5.918    0.000    0.000       20   27.470    2.032    4.007    0.289    0.074
 -73.910   40.690        0    0.000    0.000    0.000    0.000    0.000        0    0.000    0.000    0.000    0.000    0.000
 -73.910   40.700        4   21.000    3.412    3.829    0.499    0.162       32   26.141    1.379    3.793    0.235    0.053
 -73.910   40.710        1   24.500    0.620    4.153    0.105    0.025       14   24.321    1.886    3.666    0.368    0.078
 -73.910   40.720       10   38.150    6.547    7.268    1.051    0.172       49   20.561    1.199    3.631    0.198    0.058
 -73.910   40.730        3   16.500    1.000    3.834    0.208    0.061       45   16.678    1.446    4.447    0.303    0.087
 -73.910   40.740      131   11.918    0.724    5.673    0.241    0.061      216   15.019    1.125    4.790    0.314    0.075
 -73.910   40.750       68   10.581    0.719    5.880    0.285    0.068      100   15.752    1.619    5.023    0.397    0.103
 -73.910   40.760       62   14.560    1.996   22.964    0.535    0.137      124   17.397    2.246   13.228    0.481    0.129
 -73.910   40.770      127   11.305    1.150    6.020    0.449    0.102      237   17.140    1.844    4.470    0.436    0.108
 -73.910   40.780        0    0.000    0.000    0.000    0.000    0.000        0    0.000    0.000    0.000    0.000    0.000
 -73.910   40.790        0    0.000    0.000    0.000    0.000    0.000        0    0.000    0.000    0.000    0.000    0.000
 -73.910   40.800        5   14.800    2.590    5.145    0.385    0.175       17   16.765    2.000    3.794    0.396    0.119
 -73.910   40.810        5    8.800    0.000    5.376    0.000    0.000       49   19.827    0.812    4.021    0.136    0.041
 -73.910   40.820        3    6.333    0.000    6.316    0.000    0.000       29   21.069    0.716    4.103    0.131    0.034
 -73.910   40.830        3   10.000    0.000    5.391    0.000    0.000       25   25.308    1.395    3.591    0.174    0.055
 -73.910   40.840        4   14.375    1.345    4.463    0.348    0.094       25   26.688    0.770    3.443    0.134    0.029
 -73.910   40.850        4   26.500    0.500    3.651    0.053    0.019       43   25.360    1.059    3.677    0.162    0.042
 -73.910   40.860        5   12.300    1.040    5.093    0.414    0.085       53   29.579    1.024    3.201    0.113    0.035
 -73.910   40.870       11    9.773    0.559    5.163    0.370    0.057       37   29.054    1.917    3.419    0.186    0.066
