LONGITUD LATITUDE NUM_PICK FARE_PIC TIP_PICK FPD_PICK TPD_PICK TPF_PICK NUM_DROP FARE_DRO FARE_TIP FPD_DROP TPD_DROP TPF_DROP
 -74.050   40.680        0    0.000    0.000    0.000    0.000    0.000        0    0.000    0.000    0.000    0.000    0.000
 -74.050   40.690        0    0.000    0.000    0.000    0.000    0.000        0    0.000    0.000    0.000    0.000    0.000
 -74.050   40.700        0    0.000    0.000    0.000    0.000    0.000        0    0.000    0.000    0.000    0.000    0.000
 -74.050   40.710        1  167.000    0.000 1192.857    0.000    0.000        3   93.333    6.540  404.442    1.087    0.070
 -74.050   40.720        0    0.000    0.000    0.000    0.000    0.000        0    0.000    0.000    0.000    0.000    0.000
 -74.050   40.730       25    7.140    1.068   12.930    1.126    0.150       11   23.045    1.069   11.379    1.029    0.046
 -74.050   40.740        0    0.000    0.000    0.000    0.000    0.000        0    0.000    0.000    0.000    0.000    0.000
 -74.050   40.750        1   98.000    0.000  980.000    0.000    0.000        1   53.000    0.000   10.392    0.000    0.000
 -74.050   40.760        2   18.250    6.640    4.485    1.432    0.364        4   33.127    6.250  247.165    0.953    0.189
 -74.050   40.770        2   13.750    0.000    6.632    0.000    0.000        2   13.750    0.000    6.632    0.000    0.000
 -74.050   40.780        2    7.500    1.000   10.962    0.385    0.133        2    7.500    1.000   10.962    0.385    0.133
 -74.050   40.790        0    0.000    0.000    0.000    0.000    0.000        0    0.000    0.000    0.000    0.000    0.000
 -74.050   40.800        0    0.000    0.000    0.000    0.000    0.000        0    0.000    0.000    0.000    0.000    0.000
 -74.050   40.810        0    0.000    0.000    0.000    0.000    0.000        0    0.000    0.000    0.000    0.000    0.000
 -74.050   40.820        0    0.000    0.000    0.000    0.000    0.000        0    0.000    0.000    0.000    0.000    0.000
 -74.050   40.830        0    0.000    0.000    0.000    0.000    0.000        0    0.000    0.000    0.000    0.000    0.000
 -74.050   40.840        0    0.000    0.000    0.000    0.000    0.000        0    0.000    0.000    0.000    0.000    0.000
 -74.050   40.850        0    0.000    0.000    0.000    0.000    0.000        0    0.000    0.000    0.000    0.000    0.000
 -74.050   40.860        0    0.000    0.000    0.000    0.000    0.000        0    0.000    0.000    0.000    0.000    0.000
 -74.050   40.870        0    0.000    0.000    0.000    0.000    0.000        0    0.000    0.000    0.000    0.000    0.000
 -74.040   40.680        0    0.000    0.000    0.000    0.000    0.000        0    0.000    0.000    0.000    0.000    0.000
 -74.040   40.690        0    0.000    0.000    0.000    0.000    0.000        0    0.000    0.000    0.000    0.000    0.000
 -74.040   40.700        0    0.000    0.000    0.000    0.000    0.000        0    0.000    0.000    0.000    0.000    0.000
 -74.040   40.710        2   94.500   12.500  378.434   25.602    0.132        9   61.944    5.744   90.781    6.293    0.093
 -74.040   40.720        7   12.359    0.436    5.201    0.410    0.035       35   31.729    2.984    6.471    0.615    0.094
 -74.040   40.730       12   19.417    2.181    5.096    0.531    0.112       30   30.067    4.219    6.612    0.928    0.140
 -74.040   40.740        5   43.700   13.756  177.172   13.202    0.315       17   49.618    8.226   59.729    4.732    0.166
 -74.040   40.750        0    0.000    0.000    0.000    0.000    0.000        0    0.000    0.000    0.000    0.000    0.000
 -74.040   40.760        0    0.000    0.000    0.000    0.000    0.000        0    0.000    0.000    0.000    0.000    0.000
 -74.040   40.770        1    6.000    0.000   60.000    0.000    0.000        3   69.000    0.000    5.326    0.000    0.000
 -74.040   40.780        0    0.000    0.000    0.000    0.000    0.000        0    0.000    0.000    0.000    0.000    0.000
 -74.040   40.790        0    0.000    0.000    0.000    0.000    0.000        0    0.000    0.000    0.000    0.000    0.000
 -74.040   40.800        0    0.000    0.000    0.000    0.000    0.000        0    0.000    0.000    0.000    0.000    0.000
 -74.040   40.810        0    0.000    0.000    0.000    0.000    0.000        0    0.000    0.000    0.000    0.000    0.000
 -74.040   40.820        0    0.000    0.000    0.000    0.000    0.000        0    0.000    0.000    0.000    0.000    0.000
 -74.040   40.830        0    0.000    0.000    0.000    0.000    0.000        0    0.000    0.000    0.000    0.000    0.000
 -74.040   40.840        0    0.000    0.000    0.000    0.000    0.000        0    0.000    0.000    0.000    0.000    0.000
 -74.040   40.850        0    0.000    0.000    0.000    0.000    0.000        0    0.000    0.000    0.000    0.000    0.000
 -74.040   40.860        0    0.000    0.000    0.000    0.000    0.000        0    0.000    0.000    0.000    0.000    0.000
 -74.040   40.870        0    0.000    0.000    0.000    0.000    0.000        0    0.000    0.000    0.000    0.000    0.000
 -74.030   40.680        0    0.000    0.000    0.000    0.000    0.000        0    0.000    0.000    0.000    0.000    0.000
 -74.030   40.690        0    0.000    0.000    0.000    0.000    0.000        0    0.000    0.000    0.000    0.000    0.000
 -74.030   40.700        3    9.333    0.520    6.184    0.650    0.056        2   14.500    4.200    8.401    2.177    0.290
 -74.030   40.710        0    0.000    0.000    0.000    0.000    0.000        0    0.000    0.000    0.000    0.000    0.000
 -74.030   40.720        2   11.750    0.000    4.989    0.000    0.000        3    6.000    0.667    7.415    0.978    0.111
 -74.030   40.730        3   18.333    8.333   33.415    0.407    0.455       14   36.107    8.485   46.989    9.456    0.235
 -74.030   40.740        4   27.875    5.953  125.786   30.365    0.214        8   42.062    8.381   10.667    1.953    0.199
 -74.030   40.750        3   65.000   10.353   77.222   14.144    0.159       14   43.143    5.369   23.095    3.687    0.124
 -74.030   40.760        5   22.200    1.392   11.070    0.780    0.063       11   42.591    6.307   12.216    1.768    0.148
 -74.030   40.770        2   20.500    1.000    4.532    0.294    0.049        5   25.400    0.400   16.667    0.118    0.016
 -74.030   40.780        0    0.000    0.000    0.000    0.000    0.000        0    0.000    0.000    0.000    0.000    0.000
 -74.030   40.790        0    0.000    0.000    0.000    0.000    0.000        0    0.000    0.000    0.000    0.000    0.000
 -74.030   40.800        0    0.000    0.000    0.000    0.000    0.000        0    0.000    0.000    0.000    0.000    0.000
 -74.030   40.810        0    0.000    0.000    0.000    0.000    0.000        0    0.000    0.000    0.000    0.000    0.000
 -74.030   40.820        0    0.000    0.000    0.000    0.000    0.000        0    0.000    0.000    0.000    0.000    0.000
 -74.030   40.830        0    0.000    0.000    0.000    0.000    0.000        0    0.000    0.000    0.000    0.000    0.000
 -74.030   40.840        0    0.000    0.000    0.000    0.000    0.000        0    0.000    0.000    0.000    0.000    0.000
 -74.030   40.850        0    0.000    0.000    0.000    0.000    0.000        0    0.000    0.000    0.000    0.000    0.000
 -74.030   40.860        0    0.000    0.000    0.000    0.000    0.000        0    0.000    0.000    0.000    0.000    0.000
 -74.030   40.870        0    0.000    0.000    0.000    0.000    0.000        0    0.000    0.000    0.000    0.000    0.000
 -74.020   40.680        0    0.000    0.000    0.000    0.000    0.000        0    0.000    0.000    0.000    0.000    0.000
 -74.020   40.690        0    0.000    0.000    0.000    0.000    0.000        0    0.000    0.000    0.000    0.000    0.000
 -74.020   40.700     9230   15.170    1.665    4.874    0.543    0.110     8012   13.607    1.633    5.264    0.639    0.120
 -74.020   40.710    14181   13.220    1.639    5.085    0.654    0.124    10458   12.295    1.614    5.394    0.703    0.131
 -74.020   40.720     1641   12.036    1.851    5.469    0.817    0.154     1426   10.867    1.609    5.487    0.792    0.148
 -74.020   40.730       71    9.545    1.299    5.739    1.009    0.136      222    9.859    1.251    5.675    0.730    0.127
 -74.020   40.740       16   10.469    1.609    5.748    0.880    0.154       34   11.265    1.630    5.426    0.868    0.145
 -74.020   40.750        6    9.583    1.113    6.269    0.917    0.116        3    6.667    0.887    6.728    0.584    0.133
 -74.020   40.760        0    0.000    0.000    0.000    0.000    0.000        0    0.000    0.000    0.000    0.000    0.000
 -74.020   40.770        0    0.000    0.000    0.000    0.000    0.000        0    0.000    0.000    0.000    0.000    0.000
 -74.020   40.780        1    5.500    0.500    6.875    0.625    0.091        5   45.950    5.760   10.512    1.391    0.125
 -74.020   40.790        2    9.750    0.000    5.973    0.000    0.000        2    9.750    0.000    5.973    0.000    0.000
 -74.020   40.800        0    0.000    0.000    0.000    0.000    0.000        0    0.000    0.000    0.000    0.000    0.000
 -74.020   40.810        0    0.000    0.000    0.000    0.000    0.000        0    0.000    0.000    0.000    0.000    0.000
 -74.020   40.820        0    0.000    0.000    0.000    0.000    0.000        0    0.000    0.000    0.000    0.000    0.000
 -74.020   40.830        0    0.000    0.000    0.000    0.000    0.000        0    0.000    0.000    0.000    0.000    0.000
 -74.020   40.840        0    0.000    0.000    0.000    0.000    0.000        0    0.000    0.000    0.000    0.000    0.000
 -74.020   40.850        1   95.000   40.000    6.291    2.649    0.421        1   95.000   40.000    6.291    2.649    0.421
 -74.020   40.860        0    0.000    0.000    0.000    0.000    0.000        0    0.000    0.000    0.000    0.000    0.000
 -74.020   40.870        0    0.000    0.000    0.000    0.000    0.000        0    0.000    0.000    0.000    0.000    0.000
 -74.010   40.680       60   10.275    1.461    6.016    0.715    0.142      249   17.818    2.683    4.551    0.622    0.151
 -74.010   40.690        4   11.500    3.203    7.294    1.358    0.278       14   18.464    2.910    4.889    0.923    0.158
 -74.010   40.700     9253   14.459    1.875    5.204    0.631    0.130     6116   13.603    1.863    5.486    0.666    0.137
 -74.010   40.710    14481   11.568    1.372    5.743    0.717    0.119    12075   11.030    1.427    5.913    0.788    0.129
 -74.010   40.720    22264   10.058    1.367    5.868    0.811    0.136    20133    9.695    1.301    5.920    0.796    0.134
 -74.010   40.730    23863    9.032    1.242    6.207    0.864    0.137    27418    8.566    1.234    5.928    0.871    0.144
 -74.010   40.740    26868    9.655    1.342    5.859    0.841    0.139    25722    9.003    1.219    5.784    0.801    0.135
 -74.010   40.750     9514    9.467    1.336    5.924    0.834    0.141     8688    9.237    1.244    5.981    0.808    0.135
 -74.010   40.760     1770   10.567    1.284    5.920    0.675    0.121     3245   10.057    1.301    5.861    0.770    0.129
 -74.010   40.770        3    9.167    1.053    4.812    0.351    0.115        3    9.667    1.817    4.593    0.734    0.188
 -74.010   40.780        1   80.000   24.090  133.333   40.150    0.301        9   52.889    8.740   26.563    5.975    0.165
 -74.010   40.790        0    0.000    0.000    0.000    0.000    0.000        0    0.000    0.000    0.000    0.000    0.000
 -74.010   40.800        0    0.000    0.000    0.000    0.000    0.000        0    0.000    0.000    0.000    0.000    0.000
 -74.010   40.810        0    0.000    0.000    0.000    0.000    0.000        0    0.000    0.000    0.000    0.000    0.000
 -74.010   40.820        0    0.000    0.000    0.000    0.000    0.000        0    0.000    0.000    0.000    0.000    0.000
 -74.010   40.830        0    0.000    0.000    0.000    0.000    0.000        0    0.000    0.000    0.000    0.000    0.000
 -74.010   40.840        0    0.000    0.000    0.000    0.000    0.000        0    0.000    0.000    0.000    0.000    0.000
 -74.010   40.850        0    0.000    0.000    0.000    0.000    0.000        0    0.000    0.000    0.000    0.000    0.000
 -74.010   40.860        0    0.000    0.000    0.000    0.000    0.000        0    0.000    0.000    0.000    0.000    0.000
 -74.010   40.870        0    0.000    0.000    0.000    0.000    0.000        0    0.000    0.000    0.000    0.000    0.000
 -74.000   40.680      555   12.910    1.791    5.912    0.685    0.139     1091   18.030    2.719    4.785    0.663    0.151
 -74.000   40.690      654   12.340    1.565    9.529    0.695    0.127     1717   16.721    2.345    6.298    0.628    0.140
 -74.000   40.700      166   13.128    1.503    4.987    0.559    0.114      577   15.363    1.594    4.983    0.498    0.104
 -74.000   40.710     6662   11.353    1.173    5.707    0.639    0.103     7885   11.085    1.154    5.852    0.636    0.104
 -74.000   40.720    32162    9.971    1.237    5.975    0.773    0.124    27298    9.640    1.265    6.130    0.816    0.131
 -74.000   40.730    39177    8.829    1.194    6.340    0.883    0.135    35350    8.383    1.143    6.218    0.861    0.136
 -74.000   40.740    47569    9.042    1.216    6.487    0.882    0.134    44176    8.558    1.158    6.630    0.913    0.135
 -74.000   40.750    44793    9.757    1.164    6.345    0.722    0.119    46186    9.256    1.072    6.697    0.752    0.116
 -74.000   40.760    13858    9.306    1.209    6.218    0.743    0.130    15679    9.326    1.155    6.421    0.754    0.124
 -74.000   40.770     1710    9.288    1.220    6.312    0.754    0.131     1975    9.053    1.202    5.954    0.833    0.133
 -74.000   40.780        2   11.250    2.430    7.123    1.525    0.216        3    7.667    1.840    5.828    1.397    0.240
 -74.000   40.790        3   52.667    0.667    4.135    0.174    0.013        2   66.000    0.000    4.147    0.000    0.000
 -74.000   40.800        0    0.000    0.000    0.000    0.000    0.000        0    0.000    0.000    0.000    0.000    0.000
 -74.000   40.810        1   12.000    2.600    4.301    0.932    0.217        1   60.000    5.000    8.571    0.714    0.083
 -74.000   40.820        0    0.000    0.000    0.000    0.000    0.000        0    0.000    0.000    0.000    0.000    0.000
 -74.000   40.830        0    0.000    0.000    0.000    0.000    0.000        0    0.000    0.000    0.000    0.000    0.000
 -74.000   40.840        0    0.000    0.000    0.000    0.000    0.000        0    0.000    0.000    0.000    0.000    0.000
 -74.000   40.850        0    0.000    0.000    0.000    0.000    0.000        0    0.000    0.000    0.000    0.000    0.000
 -74.000   40.860        0    0.000    0.000    0.000    0.000    0.000        0    0.000    0.000    0.000    0.000    0.000
 -74.000   40.870        0    0.000    0.000    0.000    0.000    0.000        0    0.000    0.000    0.000    0.000    0.000
 -73.990   40.680      552   10.906    1.273    5.900    0.648    0.117      709   17.004    2.253    4.993    0.582    0.132
 -73.990   40.690     1048   13.707    1.516    5.674    0.539    0.111     1137   15.984    2.011    5.443    0.562    0.126
 -73.990   40.700      196   12.618    1.494    4.442    0.565    0.118      714   15.296    2.384    4.648    0.710    0.156
 -73.990   40.710     2923   10.627    1.312   12.032    1.046    0.123     4482   11.593    1.276    9.507    0.841    0.110
 -73.990   40.720    18386    9.588    1.248    5.955    0.788    0.130    21983    9.606    1.302    5.805    0.790    0.136
 -73.990   40.730    37747    9.153    1.230    6.530    0.892    0.134    34897    8.441    1.167    6.204    0.869    0.138
 -73.990   40.740    51874    9.004    1.180    6.676    0.860    0.131    46058    8.708    1.085    6.651    0.826    0.125
 -73.990   40.750    52181    8.999    1.003    6.610    0.719    0.111    48433    9.411    0.965    7.118    0.736    0.103
 -73.990   40.760    54092    9.029    1.126    6.758    0.812    0.125    46329    9.109    0.988    6.870    0.748    0.108
 -73.990   40.770    34902    8.869    1.088    6.321    0.742    0.123    37141    8.667    1.067    6.457    0.757    0.123
 -73.990   40.780    11098    8.455    1.035    6.467    0.820    0.122    10530    8.888    1.096    6.214    0.791    0.123
 -73.990   40.790       14   10.000    1.289    5.651    0.916    0.129       45    8.667    1.109    6.103    0.638    0.128
 -73.990   40.800        3    7.333    0.790    6.765    0.439    0.108        5   25.900    6.324    7.050    1.080    0.244
 -73.990   40.810        1    8.500    2.060    4.028    0.976    0.242        1    6.500    0.000    6.915    0.000    0.000
 -73.990   40.820        0    0.000    0.000    0.000    0.000    0.000        0    0.000    0.000    0.000    0.000    0.000
 -73.990   40.830        1    9.500    0.000    6.786    0.000    0.000        3   25.333    2.400    6.629    0.592    0.095
 -73.990   40.840        0    0.000    0.000    0.000    0.000    0.000        0    0.000    0.000    0.000    0.000    0.000
 -73.990   40.850        0    0.000    0.000    0.000    0.000    0.000        0    0.000    0.000    0.000    0.000    0.000
 -73.990   40.860        0    0.000    0.000    0.000    0.000    0.000        0    0.000    0.000    0.000    0.000    0.000
 -73.990   40.870        0    0.000    0.000    0.000    0.000    0.000        0    0.000    0.000    0.000    0.000    0.000
 -73.980   40.680      411   12.514    1.536    6.917    0.740    0.123      831   18.090    2.270    5.367    0.677    0.125
 -73.980   40.690       86    9.357    0.973    5.867    0.487    0.104      367   15.084    1.969    4.981    0.605    0.131
 -73.980   40.700        3   14.167    2.440    4.726    0.980    0.172        5   19.700    0.600    4.679    0.227    0.030
 -73.980   40.710      188   11.066    1.364    5.155    0.625    0.123     1383   11.102    1.082    4.836    0.472    0.097
 -73.980   40.720     2172    9.837    1.239    5.762    0.747    0.126     5153    9.548    1.149    5.753    0.674    0.120
 -73.980   40.730     6977   10.021    1.226    6.331    0.785    0.122     9058    9.105    1.194    6.029    0.799    0.131
 -73.980   40.740    28800    9.279    1.213    6.201    0.825    0.131    28997    8.605    1.134    6.345    0.845    0.132
 -73.980   40.750    74752    9.352    1.205    6.551    0.806    0.129    62961    9.007    1.055    6.917    0.798    0.117
 -73.980   40.760    53267    9.155    1.092    6.626    0.740    0.119    43015    9.208    1.013    7.125    0.750    0.110
 -73.980   40.770    10488    9.090    1.101    5.787    0.712    0.121    12473    8.360    1.074    5.965    0.764    0.129
 -73.980   40.780    33911    8.825    1.037    5.916    0.708    0.118    33293    8.481    1.092    5.924    0.762    0.129
 -73.980   40.790    13714    9.195    1.107    6.102    0.732    0.120    15893    9.153    1.151    5.850    0.732    0.126
 -73.980   40.800       22   10.591    1.452    4.760    0.574    0.137      368    9.853    1.376    5.658    0.771    0.140
 -73.980   40.810        0    0.000    0.000    0.000    0.000    0.000        0    0.000    0.000    0.000    0.000    0.000
 -73.980   40.820        0    0.000    0.000    0.000    0.000    0.000        0    0.000    0.000    0.000    0.000    0.000
 -73.980   40.830        0    0.000    0.000    0.000    0.000    0.000        0    0.000    0.000    0.000    0.000    0.000
 -73.980   40.840        1   12.000    2.560    3.750    0.800    0.213        2   66.750    0.500   10.833    1.667    0.007
 -73.980   40.850        1   38.000    0.000    3.301    0.000    0.000        7   48.071    8.301    5.203    0.973    0.173
 -73.980   40.860        1    9.500    0.000    5.588    0.000    0.000        4   50.250    3.500    5.145    0.478    0.070
 -73.980   40.870        0    0.000    0.000    0.000    0.000    0.000        0    0.000    0.000    0.000    0.000    0.000
 -73.970   40.680      118    9.517    1.186    5.977    0.662    0.125      457   19.253    2.592    5.087    0.580    0.135
 -73.970   40.690      115   10.509    1.271    6.730    0.559    0.121      479   17.591    2.513    5.155    0.611    0.143
 -73.970   40.700       32   10.797    1.212    6.345    0.543    0.112      424   17.374    1.516    4.554    0.423    0.087
 -73.970   40.710      443   12.257    1.634    5.782    0.680    0.133     1789   15.900    2.247    4.663    0.626    0.141
 -73.970   40.720        8    8.250    0.619    5.898    0.621    0.075       97   19.126    2.789    4.148    0.625    0.146
 -73.970   40.730        7    9.529    0.736    7.675    0.667    0.077        9   12.833    1.879    6.986    0.644    0.146
 -73.970   40.740      443   10.088    1.318    5.791    0.753    0.131      296   10.585    1.295    5.724    0.717    0.122
 -73.970   40.750    23328    9.042    1.113    6.132    0.759    0.123    24166    9.371    1.121    6.556    0.784    0.120
 -73.970   40.760    59531    8.705    1.071    6.329    0.767    0.123    46684    8.743    1.048    7.101    0.838    0.120
 -73.970   40.770    35204    9.225    1.017    6.394    0.711    0.110    27950    8.089    0.964    6.536    0.765    0.119
 -73.970   40.780     7398    8.863    1.108    5.980    0.782    0.125     6624    8.382    1.047    5.937    0.736    0.125
 -73.970   40.790    13456    8.694    1.068    5.806    0.711    0.123    11901    9.265    1.113    5.651    0.660    0.120
 -73.970   40.800     7899   10.336    1.253    5.754    0.671    0.121    10175   10.032    1.257    5.349    0.668    0.125
 -73.970   40.810     1059   10.995    1.377    5.417    0.667    0.125     1166   11.067    1.393    5.250    0.598    0.126
 -73.970   40.820        3    6.833    1.540    6.104    1.995    0.225        1    7.000    0.500    6.796    0.485    0.071
 -73.970   40.830        0    0.000    0.000    0.000    0.000    0.000        0    0.000    0.000    0.000    0.000    0.000
 -73.970   40.840        0    0.000    0.000    0.000    0.000    0.000        0    0.000    0.000    0.000    0.000    0.000
 -73.970   40.850        0    0.000    0.000    0.000    0.000    0.000        0    0.000    0.000    0.000    0.000    0.000
 -73.970   40.860        0    0.000    0.000    0.000    0.000    0.000        0    0.000    0.000    0.000    0.000    0.000
 -73.970   40.870        0    0.000    0.000    0.000    0.000    0.000        0    0.000    0.000    0.000    0.000    0.000
 -73.960   40.680       80   10.912    1.221    5.357    0.536    0.112      258   20.768    2.544    4.469    0.516    0.123
 -73.960   40.690       55   10.036    0.854    5.696    0.414    0.085      267   21.134    2.169    4.515    0.434    0.103
 -73.960   40.700       99   10.626    1.165    5.898    0.573    0.110      484   18.260    1.595    4.595    0.431    0.087
 -73.960   40.710      847   10.713    1.495    5.653    0.787    0.139     1498   16.226    2.271    4.664    0.639    0.140
 -73.960   40.720      265   11.257    1.595    5.578    1.737    0.142      905   17.542    2.405    4.399    0.630    0.137
 -73.960   40.730      112   11.149    1.471    7.874    0.661    0.132      631   16.116    2.487    4.905    1.080    0.154
 -73.960   40.740      531   15.789    2.307    7.015    0.920    0.146     1402   14.659    2.363    6.394    0.886    0.161
 -73.960   40.750      395    9.870    1.238    6.379    0.707    0.125      701   10.811    1.273    6.431    0.746    0.118
 -73.960   40.760    27129   10.045    1.210    6.298    0.721    0.120    24881    9.233    1.151    6.566    0.777    0.125
 -73.960   40.770    50560    8.684    1.063    6.670    0.799    0.122    52956    8.423    1.068    6.425    0.789    0.127
 -73.960   40.780    31240    9.157    1.113    6.210    0.759    0.122    32926    8.787    1.088    5.960    0.733    0.124
 -73.960   40.790     1883    9.819    1.170    5.805    0.671    0.119     2730    9.640    1.059    5.546    0.588    0.110
 -73.960   40.800     2203    9.586    1.092    6.124    0.631    0.114     4614   10.573    1.265    5.404    0.587    0.120
 -73.960   40.810     1608   10.142    1.070    6.962    0.879    0.105     2072   11.712    1.095    6.384    0.723    0.093
 -73.960   40.820      645   11.980    1.296    5.288    0.508    0.108      961   14.192    1.503    4.700    0.469    0.106
 -73.960   40.830        1   13.500    0.000    3.162    0.000    0.000        2   20.750    1.030    4.214    0.488    0.050
 -73.960   40.840        0    0.000    0.000    0.000    0.000    0.000        0    0.000    0.000    0.000    0.000    0.000
 -73.960   40.850        0    0.000    0.000    0.000    0.000    0.000        0    0.000    0.000    0.000    0.000    0.000
 -73.960   40.860        0    0.000    0.000    0.000    0.000    0.000        0    0.000    0.000    0.000    0.000    0.000
 -73.960   40.870        0    0.000    0.000    0.000    0.000    0.000        0    0.000    0.000    0.000    0.000    0.000
 -73.950   40.680       23   14.478    1.230    5.566    0.233    0.085      150   21.268    2.507    4.490    0.479    0.118
 -73.950   40.690       30    9.867    0.868    5.836    0.247    0.088      157   20.622    2.317    4.616    0.475    0.112
 -73.950   40.700       46   10.678    1.138    6.692    0.449    0.107      293   18.065    2.179    4.745    0.572    0.121
 -73.950   40.710      189   10.482    1.512    5.728    0.772    0.144      668   16.624    2.438    4.609    0.653    0.147
 -73.950   40.720      111   11.009    1.480    5.400    0.625    0.134      530   16.539    2.496    4.622    0.639    0.151
 -73.950   40.730       25   19.356    2.415    8.860    0.766    0.125       35   12.511    1.167    6.319    0.453    0.093
 -73.950   40.740      576   14.069    1.696    7.335    0.789    0.121      631   12.370    1.526    6.501    0.580    0.123
 -73.950   40.750      533   10.973    1.126    5.527    0.513    0.103      488   11.925    1.255    6.190    0.563    0.105
 -73.950   40.760      135   11.087    1.493    5.692    0.640    0.135      511   13.050    1.535    5.295    0.581    0.118
 -73.950   40.770    14809    9.584    1.134    6.025    0.699    0.118    18352    9.296    1.159    5.974    0.733    0.125
 -73.950   40.780     7525    9.863    1.123    6.732    0.824    0.114     9163    9.635    1.116    6.361    0.776    0.116
 -73.950   40.790     2475    9.685    0.907    5.894    0.480    0.094     4069   10.047    0.847    5.264    0.399    0.084
 -73.950   40.800     1425    9.676    0.903    6.087    0.483    0.093     3483   11.580    1.264    5.079    0.507    0.109
 -73.950   40.810      606    9.720    0.751    6.231    0.425    0.077     1544   13.724    1.260    4.946    0.409    0.092
 -73.950   40.820      380   10.152    0.834    5.885    0.379    0.082     1374   15.181    1.440    4.633    0.403    0.095
 -73.950   40.830      327   13.956    1.484    5.516    0.451    0.106     1008   17.801    1.858    5.582    0.571    0.104
 -73.950   40.840      176   18.105    2.392    7.995    0.543    0.132      482   22.247    2.809    5.007    0.443    0.126
 -73.950   40.850       14   14.357    1.876    4.138    0.568    0.131       74   22.716    2.646    3.691    0.432    0.116
 -73.950   40.860        0    0.000    0.000    0.000    0.000    0.000        0    0.000    0.000    0.000    0.000    0.000
 -73.950   40.870        0    0.000    0.000    0.000    0.000    0.000        0    0.000    0.000    0.000    0.000    0.000
 -73.940   40.680        7   10.071    1.314    5.929    0.675    0.130      110   24.811    2.703    4.519    0.512    0.109
 -73.940   40.690       27   12.185    1.286    6.374    0.643    0.106      146   22.709    2.306    4.701    0.479    0.102
 -73.940   40.700       34   14.059    1.637    6.146    0.619    0.116      157   20.743    2.561    4.591    0.531    0.123
 -73.940   40.710       11   11.818    1.625    5.275    0.886    0.137       78   17.349    2.449    4.563    0.657    0.141
 -73.940   40.720       16   12.312    1.468    5.950    0.426    0.119       51   17.304    2.488    4.848    0.634    0.144
 -73.940   40.730       49   23.184    3.969   16.452    1.252    0.171       79   15.089    1.283    5.376    0.406    0.085
 -73.940   40.740      331   11.514    1.165    6.004    0.532    0.101      233   12.689    1.150    7.052    0.494    0.091
 -73.940   40.750      754   11.497    1.192    6.395    0.532    0.104      617   12.958    1.259    6.740    0.511    0.097
 -73.940   40.760      318   10.162    0.832    5.806    0.397    0.082      444   13.215    1.241    5.359    0.408    0.094
 -73.940   40.770        6   10.417    0.333    9.046    0.082    0.032       85   11.782    1.429    5.304    0.466    0.121
 -73.940   40.780       33   10.727    1.497    8.119    1.002    0.140      109    9.578    0.756    5.330    0.382    0.079
 -73.940   40.790     1277    9.015    0.789    5.953    0.423    0.088     2921   10.850    1.004    5.155    0.448    0.092
 -73.940   40.800     1078   10.075    0.847    6.467    0.445    0.084     2823   10.853    1.139    4.896    0.494    0.105
 -73.940   40.810      374    9.671    0.802    6.668    0.383    0.083      730   14.713    1.163    5.247    0.330    0.079
 -73.940   40.820      104    9.156    0.489    5.928    0.259    0.053      384   15.810    1.159    5.222    0.348    0.073
 -73.940   40.830        6   21.800    0.833   45.444    3.086    0.038      149   18.525    1.573    4.172    0.313    0.085
 -73.940   40.840      178   14.258    1.286    5.580    0.384    0.090      551   22.411    2.141    4.020    0.339    0.096
 -73.940   40.850      107   14.644    1.548    7.911    0.417    0.106      777   22.588    2.736    3.897    0.411    0.121
 -73.940   40.860        3   18.667    3.940    7.452    0.368    0.211       26   23.673    2.666    3.307    0.323    0.113
 -73.940   40.870        0    0.000    0.000    0.000    0.000    0.000        0    0.000    0.000    0.000    0.000    0.000
 -73.930   40.680       10    8.800    1.240    5.836    0.771    0.141       72   28.819    3.402    4.462    0.478    0.118
 -73.930   40.690       41   11.798    1.938    5.625    0.672    0.164      125   21.610    2.653    4.847    0.577    0.123
 -73.930   40.700       10   16.700    1.363    4.430    0.416    0.082      155   24.292    3.615    4.369    0.667    0.149
 -73.930   40.710        2    6.750    0.000    5.142    0.000    0.000        7   21.500    1.794    4.191    0.352    0.083
 -73.930   40.720        5   29.000    4.676    7.148    1.196    0.161       14   20.607    2.780    4.511    0.358    0.135
 -73.930   40.730       52   34.257    4.548   10.212    0.999    0.133      133   15.523    1.787    5.234    0.599    0.115
 -73.930   40.740      529   11.927    0.959    8.073    0.387    0.080      516   15.793    1.528    6.327    0.434    0.097
 -73.930   40.750      223   11.101    1.306    5.606    0.580    0.118      517   13.302    1.270    5.702    0.469    0.095
 -73.930   40.760      536   10.740    1.203    5.751    0.554    0.112     1040   15.635    1.948    4.833    0.538    0.125
 -73.930   40.770      210   13.341    1.627    5.595    0.547    0.122      389   16.594    1.935    4.693    0.609    0.117
 -73.930   40.780       25   38.600    4.174    8.115    0.770    0.108       10   21.400    1.934    4.434    0.367    0.090
 -73.930   40.790       31   34.048    5.478   11.820    1.434    0.161       29   16.517    0.896    6.232    0.212    0.054
 -73.930   40.800       86   13.640    0.933    5.192    0.333    0.068      122   15.951    0.845    4.404    0.212    0.053
 -73.930   40.810      172   12.314    1.137    5.864    0.458    0.092      173   15.107    1.069    5.188    0.270    0.071
 -73.930   40.820       46   12.211    0.951    5.540    0.353    0.078      138   21.638    1.228    4.067    0.249    0.057
 -73.930   40.830       19    9.895    0.811    6.288    0.604    0.082      110   20.605    1.576    4.559    0.285    0.076
 -73.930   40.840       11    9.818    0.460    5.399    0.339    0.047       46   23.207    1.600    3.872    0.247    0.069
 -73.930   40.850        5   12.700    1.500    4.611    0.218    0.118      108   25.409    2.429    5.950    0.323    0.096
 -73.930   40.860       54   15.315    1.596   10.736    0.307    0.104      353   25.408    2.632    3.592    0.327    0.104
 -73.930   40.870        1    5.000    0.000    5.319    0.000    0.000        1   33.000    5.000    2.926    0.443    0.152
 -73.920   40.680        5   32.000    3.912    3.998    0.251    0.122       60   29.583    2.655    4.436    0.446    0.090
 -73.920   40.690        6   12.583    0.425    5.635    0.283    0.034       57   26.175    2.643    4.411    0.404    0.101
 -73.920   40.700        8   14.688    1.160    5.412    0.486    0.079       65   24.615    2.924    4.064    0.478    0.119
 -73.920   40.710        1   25.000    8.000    3.425    1.096    0.320       14   19.871    2.005    3.930    0.368    0.101
 -73.920   40.720        5   52.000   10.470   10.694    2.096    0.201        9   19.944    1.889    3.889    0.178    0.095
 -73.920   40.730       31   33.016    4.781    6.922    1.103    0.145       47   16.153    1.378    4.703    0.381    0.085
 -73.920   40.740      345   12.506    1.185    6.919    0.493    0.095      486   16.711    1.618    6.462    0.473    0.097
 -73.920   40.750      214    9.953    0.754    6.175    0.427    0.076      369   13.982    1.266    5.447    0.426    0.091
 -73.920   40.760      214   10.661    1.058    5.863    0.426    0.099      718   17.219    1.807    4.829    0.461    0.105
 -73.920   40.770      191   12.560    1.678    5.756    0.731    0.134      443   18.209    2.222    4.761    0.506    0.122
 -73.920   40.780       15   14.767    1.389    5.278    0.231    0.094      116   18.694    2.043    4.493    0.384    0.109
 -73.920   40.790        7   14.500    2.417    5.832    0.930    0.167       20   15.675    0.933    4.120    0.228    0.060
 -73.920   40.800        8   14.688    2.987    5.106    1.412    0.203       84   16.833    1.128    4.610    0.235    0.067
 -73.920   40.810       20    9.225    0.263    6.575    0.140    0.029      108   17.505    0.878    4.529    0.279    0.050
 -73.920   40.820       31    9.613    0.917    5.806    0.410    0.095      103   18.728    0.604    4.531    0.163    0.032
 -73.920   40.830       10    8.250    0.575    5.306    0.362    0.070       68   21.162    0.628    5.334    0.135    0.030
 -73.920   40.840        8   13.438    0.307    5.332    0.137    0.023       47   24.117    0.813    4.092    0.149    0.034
 -73.920   40.850        3    7.500    0.233    6.361    0.101    0.031       29   25.207    0.826    3.660    0.084    0.033
 -73.920   40.860       12   10.292    0.364    6.342    0.036    0.035       55   24.904    2.327    3.707    0.271    0.093
 -73.920   40.870       12   11.250    0.614    4.944    0.168    0.055      162   26.358    2.918    3.484    0.359    0.111
 -73.910   40.680        3   10.000    0.000    4.714    0.000    0.000       11   31.773    4.315    4.689    0.595    0.136
 -73.910   40.690        1    4.500    1.850    5.625    2.312    0.411       38   28.724    3.462    4.104    0.489    0.121
 -73.910   40.700        0    0.000    0.000    0.000    0.000    0.000        0    0.000    0.000    0.000    0.000    0.000
 -73.910   40.710        2    7.750    0.500    4.454    0.237    0.065       24   21.292    1.024    4.504    0.228    0.048
 -73.910   40.720       39   30.262    3.512   23.852    0.732    0.116       75   20.423    1.654   12.899    0.381    0.081
 -73.910   40.730        6   14.083    4.243    4.825    0.878    0.301       43   17.558    1.077    4.602    0.239    0.061
 -73.910   40.740      134   10.821    0.850    7.109    0.360    0.079      265   15.286    1.174    5.286    0.404    0.077
 -73.910   40.750       71   12.331    1.007    5.521    0.526    0.082      152   15.411    1.218    5.156    0.423    0.079
 -73.910   40.760       51   14.157    1.710    5.185    0.401    0.121      151   17.189    1.940    4.808    0.460    0.113
 -73.910   40.770       54    8.741    0.580    6.912    0.403    0.066      290   19.639    2.464    4.619    0.555    0.125
 -73.910   40.780        0    0.000    0.000    0.000    0.000    0.000        0    0.000    0.000    0.000    0.000    0.000
 -73.910   40.790        0    0.000    0.000    0.000    0.000    0.000        0    0.000    0.000    0.000    0.000    0.000
 -73.910   40.800        6   20.500    0.250    4.750    0.063    0.012       13   20.346    1.535    5.333    0.280    0.075
 -73.910   40.810        2    9.500    1.000    5.031    0.651    0.105       51   19.494    0.937    4.502    0.209    0.048
 -73.910   40.820       16    7.562    0.552    7.159    0.263    0.073       54   19.981    0.777    4.816    0.167    0.039
 -73.910   40.830        6   12.833    0.933   21.279    0.394    0.073       36   26.319    0.679    3.988    0.072    0.026
 -73.910   40.840        3    9.667    1.027    5.998    0.460    0.106       19   26.816    1.553    3.726    0.247    0.058
 -73.910   40.850        2   29.750    0.000    3.737    0.000    0.000       56   27.545    1.393    3.437    0.166    0.051
 -73.910   40.860        6   13.167    1.867    4.909    0.541    0.142       50   30.440    1.899    3.341    0.210    0.062
 -73.910   40.870        6   16.333    1.387    4.937    0.125    0.085       46   31.576    1.848    3.520    0.162    0.059
