LONGITUD LATITUDE NUM_PICK FARE_PIC TIP_PICK FPD_PICK TPD_PICK TPF_PICK NUM_DROP FARE_DRO FARE_TIP FPD_DROP TPD_DROP TPF_DROP
 -74.050   40.680        0    0.000    0.000    0.000    0.000    0.000        0    0.000    0.000    0.000    0.000    0.000
 -74.050   40.690        0    0.000    0.000    0.000    0.000    0.000        0    0.000    0.000    0.000    0.000    0.000
 -74.050   40.700        0    0.000    0.000    0.000    0.000    0.000        0    0.000    0.000    0.000    0.000    0.000
 -74.050   40.710        2   68.250    1.150  210.633    0.460    0.017       11   47.682    7.028   46.193    1.498    0.147
 -74.050   40.720        8   25.562    2.795  152.485    2.583    0.109       10   29.200    4.405  124.211    2.609    0.151
 -74.050   40.730        0    0.000    0.000    0.000    0.000    0.000        0    0.000    0.000    0.000    0.000    0.000
 -74.050   40.740        1    6.500    0.000    7.222    0.000    0.000        1   70.000    3.000   38.889    1.667    0.043
 -74.050   40.750        0    0.000    0.000    0.000    0.000    0.000        0    0.000    0.000    0.000    0.000    0.000
 -74.050   40.760        0    0.000    0.000    0.000    0.000    0.000        0    0.000    0.000    0.000    0.000    0.000
 -74.050   40.770        0    0.000    0.000    0.000    0.000    0.000        0    0.000    0.000    0.000    0.000    0.000
 -74.050   40.780        0    0.000    0.000    0.000    0.000    0.000        0    0.000    0.000    0.000    0.000    0.000
 -74.050   40.790        0    0.000    0.000    0.000    0.000    0.000        0    0.000    0.000    0.000    0.000    0.000
 -74.050   40.800        0    0.000    0.000    0.000    0.000    0.000        0    0.000    0.000    0.000    0.000    0.000
 -74.050   40.810        0    0.000    0.000    0.000    0.000    0.000        0    0.000    0.000    0.000    0.000    0.000
 -74.050   40.820        0    0.000    0.000    0.000    0.000    0.000        0    0.000    0.000    0.000    0.000    0.000
 -74.050   40.830        0    0.000    0.000    0.000    0.000    0.000        0    0.000    0.000    0.000    0.000    0.000
 -74.050   40.840        0    0.000    0.000    0.000    0.000    0.000        0    0.000    0.000    0.000    0.000    0.000
 -74.050   40.850        0    0.000    0.000    0.000    0.000    0.000        0    0.000    0.000    0.000    0.000    0.000
 -74.050   40.860        0    0.000    0.000    0.000    0.000    0.000        0    0.000    0.000    0.000    0.000    0.000
 -74.050   40.870        0    0.000    0.000    0.000    0.000    0.000        0    0.000    0.000    0.000    0.000    0.000
 -74.040   40.680        0    0.000    0.000    0.000    0.000    0.000        0    0.000    0.000    0.000    0.000    0.000
 -74.040   40.690        0    0.000    0.000    0.000    0.000    0.000        0    0.000    0.000    0.000    0.000    0.000
 -74.040   40.700        0    0.000    0.000    0.000    0.000    0.000        0    0.000    0.000    0.000    0.000    0.000
 -74.040   40.710        7   51.251    5.347   12.856    2.059    0.104       35   46.201    9.045   30.528    6.879    0.196
 -74.040   40.720        5   26.600    1.700   17.747    0.748    0.064       43   50.023    7.093   10.292    1.334    0.142
 -74.040   40.730        6   29.917   11.990   25.695   40.971    0.401       32   38.391    5.600   10.374    8.279    0.146
 -74.040   40.740        3   34.000    6.323 1668.780  333.663    0.186        9   47.778   13.010  563.805  112.600    0.272
 -74.040   40.750        1   10.000    0.000    3.846    0.000    0.000        6   28.417    2.650    6.072    0.465    0.093
 -74.040   40.760        2    5.750    1.310    8.523    1.957    0.228        4   31.750    4.215    8.822    1.360    0.133
 -74.040   40.770        0    0.000    0.000    0.000    0.000    0.000        0    0.000    0.000    0.000    0.000    0.000
 -74.040   40.780        4    9.875    0.515    5.507    0.534    0.052        5   12.600    0.412    5.276    0.427    0.033
 -74.040   40.790        0    0.000    0.000    0.000    0.000    0.000        0    0.000    0.000    0.000    0.000    0.000
 -74.040   40.800        0    0.000    0.000    0.000    0.000    0.000        0    0.000    0.000    0.000    0.000    0.000
 -74.040   40.810        0    0.000    0.000    0.000    0.000    0.000        0    0.000    0.000    0.000    0.000    0.000
 -74.040   40.820        0    0.000    0.000    0.000    0.000    0.000        0    0.000    0.000    0.000    0.000    0.000
 -74.040   40.830        0    0.000    0.000    0.000    0.000    0.000        0    0.000    0.000    0.000    0.000    0.000
 -74.040   40.840        0    0.000    0.000    0.000    0.000    0.000        0    0.000    0.000    0.000    0.000    0.000
 -74.040   40.850        0    0.000    0.000    0.000    0.000    0.000        0    0.000    0.000    0.000    0.000    0.000
 -74.040   40.860        0    0.000    0.000    0.000    0.000    0.000        0    0.000    0.000    0.000    0.000    0.000
 -74.040   40.870        0    0.000    0.000    0.000    0.000    0.000        0    0.000    0.000    0.000    0.000    0.000
 -74.030   40.680        0    0.000    0.000    0.000    0.000    0.000        0    0.000    0.000    0.000    0.000    0.000
 -74.030   40.690        0    0.000    0.000    0.000    0.000    0.000        0    0.000    0.000    0.000    0.000    0.000
 -74.030   40.700        0    0.000    0.000    0.000    0.000    0.000        0    0.000    0.000    0.000    0.000    0.000
 -74.030   40.710        2    8.250    1.250    6.555    1.067    0.152        4   11.750    2.033    5.464    1.243    0.173
 -74.030   40.720        4    8.750    1.980    5.727    1.228    0.226        6    7.667    1.193    5.269    0.772    0.156
 -74.030   40.730        6    7.918    1.775    6.430    0.940    0.224       15   33.967    5.211    7.018    1.264    0.153
 -74.030   40.740        4   20.812    3.865   18.452    4.354    0.186        9   28.750    5.354   13.797    2.921    0.186
 -74.030   40.750        6   11.832    2.777   21.245    0.943    0.235       17   32.499    4.414   14.377    1.050    0.136
 -74.030   40.760       11   22.591    2.693   16.304    1.991    0.119       12   20.125    3.128    8.096    1.186    0.155
 -74.030   40.770        1   50.000    0.000    4.587    0.000    0.000        4   65.050    3.335   11.961    0.871    0.051
 -74.030   40.780        0    0.000    0.000    0.000    0.000    0.000        0    0.000    0.000    0.000    0.000    0.000
 -74.030   40.790        0    0.000    0.000    0.000    0.000    0.000        0    0.000    0.000    0.000    0.000    0.000
 -74.030   40.800        0    0.000    0.000    0.000    0.000    0.000        0    0.000    0.000    0.000    0.000    0.000
 -74.030   40.810        0    0.000    0.000    0.000    0.000    0.000        0    0.000    0.000    0.000    0.000    0.000
 -74.030   40.820        0    0.000    0.000    0.000    0.000    0.000        0    0.000    0.000    0.000    0.000    0.000
 -74.030   40.830        0    0.000    0.000    0.000    0.000    0.000        0    0.000    0.000    0.000    0.000    0.000
 -74.030   40.840        0    0.000    0.000    0.000    0.000    0.000        0    0.000    0.000    0.000    0.000    0.000
 -74.030   40.850        0    0.000    0.000    0.000    0.000    0.000        0    0.000    0.000    0.000    0.000    0.000
 -74.030   40.860        0    0.000    0.000    0.000    0.000    0.000        0    0.000    0.000    0.000    0.000    0.000
 -74.030   40.870        0    0.000    0.000    0.000    0.000    0.000        0    0.000    0.000    0.000    0.000    0.000
 -74.020   40.680       35   24.757    1.375    3.393    0.225    0.056       73   28.527    0.469    3.218    0.055    0.016
 -74.020   40.690        4   15.125    1.750    4.378    0.405    0.116        6   21.917    2.820    3.742    0.419    0.129
 -74.020   40.700     9246   14.120    1.687    5.396    0.627    0.119    14233   16.035    1.624    4.832    0.503    0.101
 -74.020   40.710    13850   12.787    1.691    5.319    0.694    0.132    14213   13.963    1.789    4.965    0.666    0.128
 -74.020   40.720     1528   13.224    2.093    5.376    0.823    0.158     2102   11.403    1.800    5.263    0.798    0.158
 -74.020   40.730       64   10.633    1.295    5.724    0.599    0.122      139    9.993    1.223    5.360    0.614    0.122
 -74.020   40.740       13    9.308    1.502    6.282    1.034    0.161       30   10.967    1.248    6.110    0.643    0.114
 -74.020   40.750        4    5.500    0.290    6.246    0.362    0.053        5    9.300    0.772    5.624    0.637    0.083
 -74.020   40.760        4   10.875    0.790    6.084    0.282    0.073        5   21.600    1.632    5.795    0.398    0.076
 -74.020   40.770        1  122.000    0.000    6.778    0.000    0.000        9   45.778    3.819    9.828    1.065    0.083
 -74.020   40.780        2    7.500    0.000    5.209    0.000    0.000        2   10.500    0.000    5.061    0.000    0.000
 -74.020   40.790        1   33.250    0.000 3325.000    0.000    0.000        2   24.125    0.000 1664.527    0.000    0.000
 -74.020   40.800        0    0.000    0.000    0.000    0.000    0.000        0    0.000    0.000    0.000    0.000    0.000
 -74.020   40.810        0    0.000    0.000    0.000    0.000    0.000        0    0.000    0.000    0.000    0.000    0.000
 -74.020   40.820        0    0.000    0.000    0.000    0.000    0.000        0    0.000    0.000    0.000    0.000    0.000
 -74.020   40.830        0    0.000    0.000    0.000    0.000    0.000        0    0.000    0.000    0.000    0.000    0.000
 -74.020   40.840        0    0.000    0.000    0.000    0.000    0.000        0    0.000    0.000    0.000    0.000    0.000
 -74.020   40.850        0    0.000    0.000    0.000    0.000    0.000        0    0.000    0.000    0.000    0.000    0.000
 -74.020   40.860        1    8.500    1.860    7.083    1.550    0.219        1    7.500    0.000    7.500    0.000    0.000
 -74.020   40.870        0    0.000    0.000    0.000    0.000    0.000        0    0.000    0.000    0.000    0.000    0.000
 -74.010   40.680       53   13.123    1.764   19.628    1.683    0.134      144   17.865    2.589    9.501    0.853    0.145
 -74.010   40.690        5   13.800    2.352    3.600    0.707    0.170       13   18.308    2.618    4.163    0.566    0.143
 -74.010   40.700     9451   14.225    1.951    5.224    0.714    0.137     9220   15.403    1.977    5.064    0.642    0.128
 -74.010   40.710    14839   11.110    1.361    6.747    0.758    0.122    15905   11.581    1.389    6.537    0.740    0.120
 -74.010   40.720    19594   10.199    1.395    6.108    0.856    0.137    25867    9.986    1.408    5.853    0.840    0.141
 -74.010   40.730    24756    9.037    1.252    6.630    0.886    0.139    19970    8.655    1.165    6.345    0.812    0.135
 -74.010   40.740    20870    9.722    1.341    6.808    0.971    0.138    25258    9.341    1.298    6.214    0.903    0.139
 -74.010   40.750     8083   10.362    1.446    6.928    0.971    0.140    20551    9.201    1.251    6.444    0.874    0.136
 -74.010   40.760     2661   11.105    1.360    5.997    0.777    0.122     2321    9.876    0.955    6.107    0.549    0.097
 -74.010   40.770        9    9.533    1.420    5.516    0.810    0.149        9    8.178    1.174    5.496    0.773    0.144
 -74.010   40.780        0    0.000    0.000    0.000    0.000    0.000        0    0.000    0.000    0.000    0.000    0.000
 -74.010   40.790        1   20.000    0.000    3.636    0.000    0.000        2   52.000   12.410    7.746    1.758    0.239
 -74.010   40.800        1    6.500    1.300    6.436    1.287    0.200        3   20.667    0.433    5.022    0.429    0.021
 -74.010   40.810        1   90.000   10.000    6.716    0.746    0.111        3   46.667    3.333    3.979    0.249    0.071
 -74.010   40.820        0    0.000    0.000    0.000    0.000    0.000        0    0.000    0.000    0.000    0.000    0.000
 -74.010   40.830        0    0.000    0.000    0.000    0.000    0.000        0    0.000    0.000    0.000    0.000    0.000
 -74.010   40.840        0    0.000    0.000    0.000    0.000    0.000        0    0.000    0.000    0.000    0.000    0.000
 -74.010   40.850        0    0.000    0.000    0.000    0.000    0.000        0    0.000    0.000    0.000    0.000    0.000
 -74.010   40.860        0    0.000    0.000    0.000    0.000    0.000        0    0.000    0.000    0.000    0.000    0.000
 -74.010   40.870        2   98.375   10.000   97.820    8.631    0.102        5   65.650    8.712   41.186    3.837    0.133
 -74.000   40.680      977   13.663    1.932    5.336    0.670    0.141      643   15.301    2.057    4.974    0.620    0.134
 -74.000   40.690     1128   14.069    1.957    5.387    0.639    0.139     1439   14.139    1.755    5.295    0.591    0.124
 -74.000   40.700      182   12.956    1.506    5.070    0.539    0.116      637   15.637    1.819    4.671    0.495    0.116
 -74.000   40.710     5625   11.227    1.177    5.943    0.628    0.105     7530   11.078    1.142    5.810    0.603    0.103
 -74.000   40.720    20977    9.652    1.309    6.182    0.867    0.136    28402    9.663    1.269    6.019    0.841    0.131
 -74.000   40.730    35971    8.804    1.203    6.639    0.924    0.137    35146    8.586    1.151    6.372    0.870    0.134
 -74.000   40.740    48169    9.110    1.152    6.744    0.876    0.126    46043    9.109    1.197    6.658    0.870    0.131
 -74.000   40.750    49031    9.930    1.084    6.875    0.791    0.109    40937    9.672    1.126    6.845    0.821    0.116
 -74.000   40.760    16013    9.597    1.149    6.219    0.736    0.120    14571    9.941    1.220    6.442    0.748    0.123
 -74.000   40.770     2039    9.567    1.288    5.828    0.829    0.135     1714    9.632    1.298    6.072    0.818    0.135
 -74.000   40.780        1    9.500    2.060    7.422    1.609    0.217        3    8.167    1.483    5.723    0.802    0.182
 -74.000   40.790        0    0.000    0.000    0.000    0.000    0.000        0    0.000    0.000    0.000    0.000    0.000
 -74.000   40.800        1   83.000   20.100    3.156    0.764    0.242        1   83.000   20.100    3.156    0.764    0.242
 -74.000   40.810        2   35.000    3.530    4.861    0.490    0.101        3   23.333    3.157    3.241    0.438    0.135
 -74.000   40.820        1    7.500    1.240    8.242    1.363    0.165        1   45.000   14.000    5.718    1.779    0.311
 -74.000   40.830        0    0.000    0.000    0.000    0.000    0.000        0    0.000    0.000    0.000    0.000    0.000
 -74.000   40.840        1   12.500    2.660    4.630    0.985    0.213        2   32.000    0.680    5.818    0.850    0.021
 -74.000   40.850        0    0.000    0.000    0.000    0.000    0.000        0    0.000    0.000    0.000    0.000    0.000
 -74.000   40.860        2    7.250    0.930    5.219    0.492    0.128        2    4.250    0.930    2.249    0.492    0.219
 -74.000   40.870        2    5.250    0.000   18.750    0.000    0.000        1    3.000    0.000   30.000    0.000    0.000
 -73.990   40.680      457   12.117    1.541    5.282    0.596    0.127      532   14.335    1.605    5.046    0.572    0.112
 -73.990   40.690     1114   12.877    1.575    5.183    0.611    0.122     1173   16.345    2.003    4.747    0.560    0.123
 -73.990   40.700      327   11.825    1.578    4.769    0.694    0.133      815   14.174    2.044    4.661    0.693    0.144
 -73.990   40.710     2473   10.949    1.372    5.938    0.677    0.125     3098   11.579    1.292    5.529    0.579    0.112
 -73.990   40.720    18680    9.731    1.303    5.893    0.778    0.134    12184    9.508    1.148    5.907    0.702    0.121
 -73.990   40.730    35412    9.170    1.218    6.610    0.889    0.133    27447    8.805    1.114    6.480    0.838    0.127
 -73.990   40.740    47868    8.993    1.141    6.899    0.884    0.127    49791    9.355    1.236    7.109    0.923    0.132
 -73.990   40.750    50243    9.187    0.974    6.828    0.733    0.106    53898    9.536    1.175    7.393    0.875    0.123
 -73.990   40.760    48098    9.184    1.007    6.516    0.734    0.110    42272    9.249    1.165    6.733    0.820    0.126
 -73.990   40.770    31488    9.007    1.086    6.217    0.740    0.121    27561    8.392    1.002    6.366    0.742    0.119
 -73.990   40.780    10478    9.073    1.085    6.379    0.741    0.120     7093    8.355    0.996    6.374    0.738    0.119
 -73.990   40.790        8   12.188    0.730    5.070    0.572    0.060       31   10.387    1.288    5.238    0.665    0.124
 -73.990   40.800        1    4.500    1.060    6.000    1.413    0.236        1    6.000    0.000    6.593    0.000    0.000
 -73.990   40.810        0    0.000    0.000    0.000    0.000    0.000        0    0.000    0.000    0.000    0.000    0.000
 -73.990   40.820        2   10.750    1.330    5.008    0.528    0.124        1   12.500    2.660    4.960    1.056    0.213
 -73.990   40.830        0    0.000    0.000    0.000    0.000    0.000        0    0.000    0.000    0.000    0.000    0.000
 -73.990   40.840        0    0.000    0.000    0.000    0.000    0.000        0    0.000    0.000    0.000    0.000    0.000
 -73.990   40.850        0    0.000    0.000    0.000    0.000    0.000        0    0.000    0.000    0.000    0.000    0.000
 -73.990   40.860        0    0.000    0.000    0.000    0.000    0.000        0    0.000    0.000    0.000    0.000    0.000
 -73.990   40.870        0    0.000    0.000    0.000    0.000    0.000        0    0.000    0.000    0.000    0.000    0.000
 -73.980   40.680      437   12.859    1.754    5.390    0.640    0.136      537   15.458    2.023    4.866    0.564    0.131
 -73.980   40.690       73   11.979    1.610    5.539    0.710    0.134      234   14.733    2.026    4.495    0.538    0.137
 -73.980   40.700        4    5.875    1.240    7.491    1.552    0.211       21   15.048    2.075    4.867    0.814    0.138
 -73.980   40.710      273   11.691    1.246    5.288    0.511    0.107      688   10.732    1.145    4.823    0.491    0.107
 -73.980   40.720     3605   10.036    1.266    5.719    0.690    0.126     2299    9.394    1.038    5.752    0.581    0.110
 -73.980   40.730     8833   10.066    1.196    6.026    0.711    0.119     6143    9.277    1.011    6.190    0.655    0.109
 -73.980   40.740    32209    9.448    1.176    6.868    0.835    0.124    25249    9.592    1.158    7.347    0.848    0.121
 -73.980   40.750    70205    9.438    1.085    7.044    0.819    0.115    82253    9.603    1.251    7.054    0.895    0.130
 -73.980   40.760    43542    9.147    1.025    6.654    0.745    0.112    61470    9.326    1.118    6.977    0.820    0.120
 -73.980   40.770    10911    8.999    1.122    5.947    0.735    0.125    10266    8.450    0.994    5.871    0.698    0.118
 -73.980   40.780    28986    9.108    1.126    5.835    0.713    0.124    27492    8.382    0.934    5.890    0.673    0.111
 -73.980   40.790    14187    9.741    1.171    5.874    0.669    0.120     9365    8.366    0.990    6.317    0.711    0.118
 -73.980   40.800       15   12.013    1.902    5.261    0.754    0.158      186    9.449    1.028    5.692    0.649    0.109
 -73.980   40.810        0    0.000    0.000    0.000    0.000    0.000        0    0.000    0.000    0.000    0.000    0.000
 -73.980   40.820        1    9.500    1.900    4.130    0.826    0.200        3   27.167    0.900    4.975    0.421    0.033
 -73.980   40.830        1   12.500    2.500    7.440    1.488    0.200        2   64.250   16.760    5.283    1.278    0.261
 -73.980   40.840        1   14.000    2.960    3.825    0.809    0.211        1    8.500    2.320    4.427    1.208    0.273
 -73.980   40.850        3   28.667    4.207    7.979    0.935    0.147        4   54.000    9.405    7.397    1.128    0.174
 -73.980   40.860        0    0.000    0.000    0.000    0.000    0.000        0    0.000    0.000    0.000    0.000    0.000
 -73.980   40.870        0    0.000    0.000    0.000    0.000    0.000        0    0.000    0.000    0.000    0.000    0.000
 -73.970   40.680      112   10.272    1.415    5.532    0.928    0.138      231   17.181    2.158    4.566    0.662    0.126
 -73.970   40.690      105   11.681    1.651    5.007    0.587    0.141      290   17.177    2.165    4.435    0.544    0.126
 -73.970   40.700       40    9.375    1.340    9.540    6.975    0.143      264   16.184    1.199    4.940    1.263    0.074
 -73.970   40.710      358   12.247    1.676    5.200    0.732    0.137     1013   15.183    2.022    4.330    0.582    0.133
 -73.970   40.720       10   16.600    1.877    5.679    0.709    0.113       59   19.517    2.129    4.120    0.476    0.109
 -73.970   40.730        6    8.417    1.845    7.810    1.561    0.219        8    8.562    1.246    6.762    1.065    0.146
 -73.970   40.740      277   10.329    1.010    7.036    0.715    0.098      758   10.271    1.110    6.397    0.649    0.108
 -73.970   40.750    26433    9.427    1.035    7.102    0.759    0.110    21386    9.194    1.077    6.711    0.752    0.117
 -73.970   40.760    51381    8.551    0.990    6.881    0.776    0.116    50227    8.681    1.008    6.987    0.790    0.116
 -73.970   40.770    28490    8.746    0.992    6.670    0.739    0.113    33423    8.729    0.896    6.444    0.674    0.103
 -73.970   40.780     6164    9.142    1.087    5.903    0.697    0.119     5280    8.519    0.944    5.899    0.650    0.111
 -73.970   40.790    12546    9.368    1.082    5.505    0.617    0.115     6912    8.584    0.955    5.729    0.624    0.111
 -73.970   40.800     7269   10.784    1.301    5.502    0.630    0.121     7676    9.896    1.153    5.440    0.621    0.117
 -73.970   40.810      688   11.538    1.448    5.204    0.597    0.126     1322   11.376    1.358    5.015    0.587    0.119
 -73.970   40.820        0    0.000    0.000    0.000    0.000    0.000        0    0.000    0.000    0.000    0.000    0.000
 -73.970   40.830        1   17.000    4.450    3.778    0.989    0.262        2   11.000    2.225    4.667    0.494    0.202
 -73.970   40.840        0    0.000    0.000    0.000    0.000    0.000        0    0.000    0.000    0.000    0.000    0.000
 -73.970   40.850        1   10.000    0.000    5.000    0.000    0.000        5   25.400    3.112    4.207    0.305    0.123
 -73.970   40.860        0    0.000    0.000    0.000    0.000    0.000        0    0.000    0.000    0.000    0.000    0.000
 -73.970   40.870        0    0.000    0.000    0.000    0.000    0.000        0    0.000    0.000    0.000    0.000    0.000
 -73.960   40.680       52   12.475    1.504    4.628    0.544    0.121      128   18.052    2.189    4.474    0.603    0.121
 -73.960   40.690       67   11.749    0.977    5.172    0.379    0.083      128   19.262    1.526    4.312    0.350    0.079
 -73.960   40.700       86   12.209    1.503    4.948    0.518    0.123      276   16.829    1.050    4.266    0.294    0.062
 -73.960   40.710      654   12.807    1.717    5.324    0.674    0.134      923   14.721    1.832    4.617    0.594    0.124
 -73.960   40.720      175   11.862    1.846    5.461    0.775    0.156      620   16.090    2.177    4.304    0.555    0.135
 -73.960   40.730      140   10.979    1.546    5.140    0.657    0.141      372   16.205    2.286    4.191    0.583    0.141
 -73.960   40.740      453   14.743    2.389    5.712    0.849    0.162      671   13.352    1.998    5.296    0.684    0.150
 -73.960   40.750      664    9.703    0.991    6.593    0.605    0.102      742   10.376    1.174    6.390    0.674    0.113
 -73.960   40.760    29155   10.393    1.234    6.347    0.711    0.119    25522    9.758    1.061    6.817    0.691    0.109
 -73.960   40.770    50529    9.144    1.105    6.502    0.756    0.121    38705    7.940    0.925    6.806    0.771    0.116
 -73.960   40.780    29460    9.666    1.140    6.254    0.712    0.118    28875    8.839    0.998    6.156    0.697    0.113
 -73.960   40.790     1808   10.346    1.119    6.624    0.585    0.108     2333   10.206    1.119    6.525    0.591    0.110
 -73.960   40.800     2140   10.393    1.217    5.345    0.572    0.117     2769   10.494    1.126    5.196    0.517    0.107
 -73.960   40.810     1274   10.661    1.225    5.728    0.577    0.115     1618   11.305    1.075    5.466    0.465    0.095
 -73.960   40.820      761   13.144    1.381    5.207    0.445    0.105      561   14.294    1.370    4.693    0.383    0.096
 -73.960   40.830        1   33.500    0.000    3.681    0.000    0.000        1   13.500    0.000    3.214    0.000    0.000
 -73.960   40.840        0    0.000    0.000    0.000    0.000    0.000        0    0.000    0.000    0.000    0.000    0.000
 -73.960   40.850        1   71.750    0.000    9.829    0.000    0.000        1   87.000    0.000    3.441    0.000    0.000
 -73.960   40.860        0    0.000    0.000    0.000    0.000    0.000        0    0.000    0.000    0.000    0.000    0.000
 -73.960   40.870        0    0.000    0.000    0.000    0.000    0.000        0    0.000    0.000    0.000    0.000    0.000
 -73.950   40.680       17   14.471    1.549    4.948    0.516    0.107       79   21.454    2.138    4.078    0.392    0.100
 -73.950   40.690       25   12.720    1.287    4.971    0.526    0.101       84   18.282    2.044    6.317    0.899    0.112
 -73.950   40.700       45   12.909    1.617    5.466    0.739    0.125      185   17.722    1.924    4.336    0.411    0.109
 -73.950   40.710      142   11.871    1.392    5.496    0.674    0.117      328   16.555    2.036    4.785    0.598    0.123
 -73.950   40.720      112   11.548    1.629    5.291    0.716    0.141      275   16.565    2.466    4.192    0.594    0.149
 -73.950   40.730       16   25.125    4.710   10.155    1.803    0.187       80   15.569    2.291    4.840    0.667    0.147
 -73.950   40.740      395   12.130    1.499    8.920    0.754    0.124      765   11.882    1.563    6.241    0.659    0.132
 -73.950   40.750      669   11.291    1.113    4.963    0.437    0.099      596   10.326    1.186    5.546    0.543    0.115
 -73.950   40.760       89   12.298    1.562    5.509    0.504    0.127      246   12.188    1.315    5.435    0.584    0.108
 -73.950   40.770    18317   10.123    1.180    5.814    0.651    0.117     9233    8.592    1.011    6.399    0.736    0.118
 -73.950   40.780     8714   10.492    1.189    5.697    0.619    0.113     5160    9.092    0.965    5.957    0.617    0.106
 -73.950   40.790     2303   10.259    0.906    6.340    0.528    0.088     2351    9.300    0.700    6.066    0.480    0.075
 -73.950   40.800     1093   10.595    1.039    5.750    0.467    0.098     2441   11.193    1.055    5.049    0.417    0.094
 -73.950   40.810      570   10.219    1.113    5.587    0.559    0.109     1148   13.015    0.942    4.699    0.330    0.072
 -73.950   40.820      392   11.902    1.361    5.080    0.451    0.114      855   14.453    1.228    4.567    0.374    0.085
 -73.950   40.830      479   14.451    1.556    4.728    0.421    0.108      668   17.965    1.662    4.075    0.337    0.093
 -73.950   40.840      236   17.905    2.267    4.684    0.435    0.127     1186   22.144    2.610    3.636    0.413    0.118
 -73.950   40.850        6   32.833    4.548   47.836    9.921    0.139       42   21.310    2.566    3.345    0.392    0.120
 -73.950   40.860        0    0.000    0.000    0.000    0.000    0.000        0    0.000    0.000    0.000    0.000    0.000
 -73.950   40.870        0    0.000    0.000    0.000    0.000    0.000        0    0.000    0.000    0.000    0.000    0.000
 -73.940   40.680        6   19.667    3.640    4.328    0.718    0.185       51   20.661    1.988    4.028    0.373    0.096
 -73.940   40.690       32   13.328    1.475    5.887    0.694    0.111       98   19.874    1.327    4.494    0.405    0.067
 -73.940   40.700       37   14.770    2.246    5.244    0.785    0.152      117   19.581    2.364    4.269    0.521    0.121
 -73.940   40.710        8   16.025    1.556    6.814    0.289    0.097       82   18.887    2.561    4.152    0.517    0.136
 -73.940   40.720        5    9.300    1.272    4.314    0.494    0.137       47   17.717    3.031    4.131    0.588    0.171
 -73.940   40.730       31   30.597    3.423    9.918    1.082    0.112       79   13.810    1.819    4.920    0.519    0.132
 -73.940   40.740      332   11.611    1.077    6.127    0.479    0.093      516   12.361    1.535    5.948    0.627    0.124
 -73.940   40.750      869   11.692    1.137    9.548    0.570    0.097      630   10.941    1.006    9.710    0.509    0.092
 -73.940   40.760      534   10.594    1.003    5.198    0.448    0.095      328   10.708    0.863    5.257    0.379    0.081
 -73.940   40.770       15   10.700    0.951    5.484    0.442    0.089       47   10.979    0.742    4.922    0.406    0.068
 -73.940   40.780       19   17.921    2.613    9.197    1.501    0.146       52    9.308    0.537    4.577    0.288    0.058
 -73.940   40.790     1004   10.167    0.876    5.559    0.377    0.086     2164   10.161    0.870    4.733    0.380    0.086
 -73.940   40.800      811    9.585    0.791    6.200    2.153    0.083     2513   10.184    1.161    4.826    1.080    0.114
 -73.940   40.810      268   10.369    0.847    5.346    0.368    0.082      445   14.386    1.108    4.412    0.406    0.077
 -73.940   40.820      117   10.474    0.742    5.547    0.319    0.071      288   16.076    1.250    4.375    0.314    0.078
 -73.940   40.830        9   11.278    1.808    4.131    0.524    0.160       95   18.437    1.468    4.090    0.262    0.080
 -73.940   40.840      167   15.816    1.867    4.558    0.449    0.118      500   20.763    1.994    3.676    0.324    0.096
 -73.940   40.850       92   16.440    1.672    5.053    0.447    0.102      361   21.824    2.393    4.277    0.525    0.110
 -73.940   40.860        6   27.250    3.877    3.522    0.518    0.142       48   24.615    1.468    3.396    0.172    0.060
 -73.940   40.870        0    0.000    0.000    0.000    0.000    0.000        0    0.000    0.000    0.000    0.000    0.000
 -73.930   40.680       17   13.471    1.285    5.257    0.486    0.095       50   20.240    1.150    4.424    0.360    0.057
 -73.930   40.690       34   11.932    1.322    6.118    0.549    0.111       73   19.432    1.787    4.663    0.457    0.092
 -73.930   40.700       13   11.269    1.673    5.348    0.635    0.148       97   20.543    2.649    4.130    0.545    0.129
 -73.930   40.710        1    5.000    0.000    5.882    0.000    0.000        4   24.750    2.600    4.133    0.404    0.105
 -73.930   40.720        3   34.500    3.333    4.874    0.119    0.097       10   22.350    2.295    4.119    0.307    0.103
 -73.930   40.730       12   33.875    3.305    6.805    0.577    0.098       59   15.669    1.178    4.477    0.331    0.075
 -73.930   40.740      791   13.531    1.306    5.669    0.461    0.096      314   12.980    1.068    6.485    0.346    0.082
 -73.930   40.750      251   10.997    1.201    5.731    0.666    0.109      570   11.095    1.029    5.304    0.442    0.093
 -73.930   40.760     1152   12.860    1.430    5.175    0.507    0.111      742   12.653    1.288    5.304    0.536    0.102
 -73.930   40.770      452   12.701    1.473    5.017    0.567    0.116      178   13.823    1.435    5.211    0.550    0.104
 -73.930   40.780        6   35.167    8.578    5.978    1.391    0.244       11   21.227    4.040    3.377    0.697    0.190
 -73.930   40.790       25   27.060    4.922    8.344    1.100    0.182       28   15.196    2.353    5.538    0.513    0.155
 -73.930   40.800       67   16.943    1.245    5.095    0.380    0.073       86   13.849    1.601    3.888    0.395    0.116
 -73.930   40.810       77    9.779    0.794    7.333    0.486    0.081      165   14.418    1.326    5.399    0.386    0.092
 -73.930   40.820       32   11.109    0.979    5.341    0.300    0.088      187   19.605    1.914    3.635    0.355    0.098
 -73.930   40.830       13   12.900    1.105    5.289    0.248    0.086       71   21.944    1.546    3.649    0.272    0.070
 -73.930   40.840        4    9.125    0.762    4.495    0.254    0.084       27   21.981    1.182    3.548    0.199    0.054
 -73.930   40.850        3   20.167    0.000    3.842    0.000    0.000       88   23.494    1.758    3.398    0.258    0.075
 -73.930   40.860       27   21.556    3.121    4.146    0.451    0.145      183   24.511    2.096    3.237    0.279    0.085
 -73.930   40.870        0    0.000    0.000    0.000    0.000    0.000        0    0.000    0.000    0.000    0.000    0.000
 -73.920   40.680        9   11.500    1.413    6.832    0.434    0.123       36   25.311    2.244    4.354    0.364    0.089
 -73.920   40.690        6   21.833    5.000    8.438    2.083    0.229       36   25.569    2.787    4.421    0.666    0.109
 -73.920   40.700        5   17.100    0.200    4.604    0.087    0.012       34   22.912    2.023    4.001    0.382    0.088
 -73.920   40.710        3   10.333    0.517    4.950    0.123    0.050       10   22.820    4.222    3.660    0.524    0.185
 -73.920   40.720        0    0.000    0.000    0.000    0.000    0.000        0    0.000    0.000    0.000    0.000    0.000
 -73.920   40.730       13   20.962    0.954    5.396    0.264    0.046       28   16.179    1.407    4.898    0.319    0.087
 -73.920   40.740      605   14.295    1.195    4.917    0.380    0.084      296   13.882    1.141    5.154    0.341    0.082
 -73.920   40.750      183   11.273    1.091    5.628    0.417    0.097      390   10.638    0.739    5.291    0.363    0.069
 -73.920   40.760      375   12.417    1.391    5.471    0.545    0.112      580   13.937    1.428    5.119    0.480    0.102
 -73.920   40.770      284   13.713    1.657    5.295    0.558    0.121      371   13.899    1.748    5.311    0.628    0.126
 -73.920   40.780       30   11.167    1.196    4.885    0.593    0.107       53   14.953    1.751    4.699    0.471    0.117
 -73.920   40.790        5   19.340    2.524    6.980    0.764    0.131       29   14.300    2.496    3.838    0.582    0.175
 -73.920   40.800        1   14.500    0.000    3.428    0.000    0.000       63   15.833    1.490    3.920    0.373    0.094
 -73.920   40.810       24    9.729    1.251    5.505    0.549    0.129      108   15.903    1.411    4.353    0.349    0.089
 -73.920   40.820       21    9.581    0.996    5.440    0.375    0.104       72   19.062    1.679    4.409    0.313    0.088
 -73.920   40.830        7   18.571    0.429    4.487    0.122    0.023       49   24.816    0.620    3.437    0.105    0.025
 -73.920   40.840        5    1.500    0.000   15.000    0.000    0.000       50   22.690    1.573    4.713    0.247    0.069
 -73.920   40.850        1    0.000    0.000    0.000    0.000    0.000       19   22.711    1.167    2.757    0.169    0.051
 -73.920   40.860        8   21.938    1.250    3.735    0.130    0.057       48   27.500    2.535    3.099    0.305    0.092
 -73.920   40.870       11   16.636    0.682    5.652    0.259    0.041      101   25.762    2.966    3.181    0.374    0.115
 -73.910   40.680        2    6.000    0.500    5.655    0.500    0.083       11   24.955    1.209    3.781    0.163    0.048
 -73.910   40.690        1    4.000    0.000    8.000    0.000    0.000       16   24.688    2.944    3.779    0.438    0.119
 -73.910   40.700        5   16.600    3.334    3.947    0.929    0.201       25   27.100    2.766    3.956    0.364    0.102
 -73.910   40.710        4   12.875    0.250    3.956    0.074    0.019       19   21.395    1.342    3.601    0.237    0.063
 -73.910   40.720       11   35.455    2.085    8.997    0.367    0.059       35   20.157    1.826    4.455    0.322    0.091
 -73.910   40.730        8   15.875    2.510    7.368    0.597    0.158       50   18.860    1.773    4.622    0.329    0.094
 -73.910   40.740      286   13.156    0.937    5.307    0.281    0.071      250   13.563    1.039    5.045    0.348    0.077
 -73.910   40.750       82   11.216    1.813    6.550    0.553    0.162      120   15.652    1.307    4.962    0.379    0.083
 -73.910   40.760       71   14.206    1.406   16.387    0.422    0.099      139   16.229    1.834   10.645    0.442    0.113
 -73.910   40.770      141   10.858    1.015    8.515    0.679    0.093      184   15.679    1.526    6.504    0.390    0.097
 -73.910   40.780        1   18.000    4.830    3.303    0.886    0.268        1   31.500    3.000    4.565    0.435    0.095
 -73.910   40.790        0    0.000    0.000    0.000    0.000    0.000        0    0.000    0.000    0.000    0.000    0.000
 -73.910   40.800        0    0.000    0.000    0.000    0.000    0.000        0    0.000    0.000    0.000    0.000    0.000
 -73.910   40.810        5    7.400    0.210  225.406    0.300    0.028       23   20.065    0.174   51.412    0.016    0.009
 -73.910   40.820        5    9.300    0.000    3.065    0.000    0.000       38   21.408    1.781    3.688    0.267    0.083
 -73.910   40.830        5   15.500    0.200    4.444    0.090    0.013       33   24.818    1.089    3.582    0.166    0.044
 -73.910   40.840        2   14.500    0.500    3.648    0.092    0.034       25   28.640    2.529    3.151    0.278    0.088
 -73.910   40.850        5   20.200    0.860    4.644    0.776    0.043       40   29.575    0.781    3.215    0.096    0.026
 -73.910   40.860        4   32.250    0.375    3.150    0.066    0.012       54   28.083    2.444    3.776    0.296    0.087
 -73.910   40.870        7   10.357    0.279    4.394    0.133    0.027       36   27.514    1.008    3.401    0.112    0.037
