LONGITUD LATITUDE NUM_PICK FARE_PIC TIP_PICK FPD_PICK TPD_PICK TPF_PICK NUM_DROP FARE_DRO FARE_TIP FPD_DROP TPD_DROP TPF_DROP
 -74.050   40.680        0    0.000    0.000    0.000    0.000    0.000        0    0.000    0.000    0.000    0.000    0.000
 -74.050   40.690        0    0.000    0.000    0.000    0.000    0.000        0    0.000    0.000    0.000    0.000    0.000
 -74.050   40.700        0    0.000    0.000    0.000    0.000    0.000        0    0.000    0.000    0.000    0.000    0.000
 -74.050   40.710        0    0.000    0.000    0.000    0.000    0.000        0    0.000    0.000    0.000    0.000    0.000
 -74.050   40.720        0    0.000    0.000    0.000    0.000    0.000        0    0.000    0.000    0.000    0.000    0.000
 -74.050   40.730        3   31.667    5.900   45.868    9.911    0.186        5   33.000    4.010    8.143    1.157    0.122
 -74.050   40.740        0    0.000    0.000    0.000    0.000    0.000        0    0.000    0.000    0.000    0.000    0.000
 -74.050   40.750        1   50.000    2.000  333.333   13.333    0.040        2   55.000    1.000  172.715    6.667    0.018
 -74.050   40.760        0    0.000    0.000    0.000    0.000    0.000        0    0.000    0.000    0.000    0.000    0.000
 -74.050   40.770        0    0.000    0.000    0.000    0.000    0.000        0    0.000    0.000    0.000    0.000    0.000
 -74.050   40.780        0    0.000    0.000    0.000    0.000    0.000        0    0.000    0.000    0.000    0.000    0.000
 -74.050   40.790        0    0.000    0.000    0.000    0.000    0.000        0    0.000    0.000    0.000    0.000    0.000
 -74.050   40.800        0    0.000    0.000    0.000    0.000    0.000        0    0.000    0.000    0.000    0.000    0.000
 -74.050   40.810        0    0.000    0.000    0.000    0.000    0.000        0    0.000    0.000    0.000    0.000    0.000
 -74.050   40.820        0    0.000    0.000    0.000    0.000    0.000        0    0.000    0.000    0.000    0.000    0.000
 -74.050   40.830        0    0.000    0.000    0.000    0.000    0.000        0    0.000    0.000    0.000    0.000    0.000
 -74.050   40.840        0    0.000    0.000    0.000    0.000    0.000        0    0.000    0.000    0.000    0.000    0.000
 -74.050   40.850        0    0.000    0.000    0.000    0.000    0.000        0    0.000    0.000    0.000    0.000    0.000
 -74.050   40.860        0    0.000    0.000    0.000    0.000    0.000        0    0.000    0.000    0.000    0.000    0.000
 -74.050   40.870        0    0.000    0.000    0.000    0.000    0.000        0    0.000    0.000    0.000    0.000    0.000
 -74.040   40.680        0    0.000    0.000    0.000    0.000    0.000        0    0.000    0.000    0.000    0.000    0.000
 -74.040   40.690        0    0.000    0.000    0.000    0.000    0.000        0    0.000    0.000    0.000    0.000    0.000
 -74.040   40.700        0    0.000    0.000    0.000    0.000    0.000        0    0.000    0.000    0.000    0.000    0.000
 -74.040   40.710        2   25.000    0.000    8.065    0.000    0.000       14   36.465    5.341    7.407    0.972    0.146
 -74.040   40.720        2   10.250    1.300    4.245    0.634    0.127       15   37.600    5.573    7.615    1.209    0.148
 -74.040   40.730        2   29.000    5.800   20.000    4.000    0.200        8   33.938   10.457    8.450    2.433    0.308
 -74.040   40.740        0    0.000    0.000    0.000    0.000    0.000        0    0.000    0.000    0.000    0.000    0.000
 -74.040   40.750        0    0.000    0.000    0.000    0.000    0.000        0    0.000    0.000    0.000    0.000    0.000
 -74.040   40.760        1   68.000    0.000   14.468    0.000    0.000        2   68.000    0.000   14.468    0.000    0.000
 -74.040   40.770        0    0.000    0.000    0.000    0.000    0.000        0    0.000    0.000    0.000    0.000    0.000
 -74.040   40.780        0    0.000    0.000    0.000    0.000    0.000        0    0.000    0.000    0.000    0.000    0.000
 -74.040   40.790        0    0.000    0.000    0.000    0.000    0.000        0    0.000    0.000    0.000    0.000    0.000
 -74.040   40.800        0    0.000    0.000    0.000    0.000    0.000        0    0.000    0.000    0.000    0.000    0.000
 -74.040   40.810        0    0.000    0.000    0.000    0.000    0.000        0    0.000    0.000    0.000    0.000    0.000
 -74.040   40.820        0    0.000    0.000    0.000    0.000    0.000        0    0.000    0.000    0.000    0.000    0.000
 -74.040   40.830        0    0.000    0.000    0.000    0.000    0.000        0    0.000    0.000    0.000    0.000    0.000
 -74.040   40.840        0    0.000    0.000    0.000    0.000    0.000        0    0.000    0.000    0.000    0.000    0.000
 -74.040   40.850        0    0.000    0.000    0.000    0.000    0.000        0    0.000    0.000    0.000    0.000    0.000
 -74.040   40.860        0    0.000    0.000    0.000    0.000    0.000        0    0.000    0.000    0.000    0.000    0.000
 -74.040   40.870        0    0.000    0.000    0.000    0.000    0.000        0    0.000    0.000    0.000    0.000    0.000
 -74.030   40.680        0    0.000    0.000    0.000    0.000    0.000        0    0.000    0.000    0.000    0.000    0.000
 -74.030   40.690        0    0.000    0.000    0.000    0.000    0.000        0    0.000    0.000    0.000    0.000    0.000
 -74.030   40.700        0    0.000    0.000    0.000    0.000    0.000        0    0.000    0.000    0.000    0.000    0.000
 -74.030   40.710        0    0.000    0.000    0.000    0.000    0.000        0    0.000    0.000    0.000    0.000    0.000
 -74.030   40.720        1   15.000    1.580    3.659    0.385    0.105        4   13.500    1.365    4.032    0.645    0.101
 -74.030   40.730        2   80.690    1.500  407.184    0.211    0.019        6   58.313    6.218  146.968    2.255    0.107
 -74.030   40.740        3   23.167    5.467   32.327    8.050    0.236        9   30.389    4.009   13.996    2.972    0.132
 -74.030   40.750        3   61.833    4.167   82.204    9.259    0.067       14   44.144   10.804   19.717    4.792    0.245
 -74.030   40.760        2    4.000    0.000   15.625    0.000    0.000       11   31.455    2.382   10.494    0.448    0.076
 -74.030   40.770        1   14.000    0.000    4.179    0.000    0.000        3   35.667    5.000    8.277    0.877    0.140
 -74.030   40.780        0    0.000    0.000    0.000    0.000    0.000        0    0.000    0.000    0.000    0.000    0.000
 -74.030   40.790        0    0.000    0.000    0.000    0.000    0.000        0    0.000    0.000    0.000    0.000    0.000
 -74.030   40.800        0    0.000    0.000    0.000    0.000    0.000        0    0.000    0.000    0.000    0.000    0.000
 -74.030   40.810        0    0.000    0.000    0.000    0.000    0.000        0    0.000    0.000    0.000    0.000    0.000
 -74.030   40.820        0    0.000    0.000    0.000    0.000    0.000        0    0.000    0.000    0.000    0.000    0.000
 -74.030   40.830        0    0.000    0.000    0.000    0.000    0.000        0    0.000    0.000    0.000    0.000    0.000
 -74.030   40.840        0    0.000    0.000    0.000    0.000    0.000        0    0.000    0.000    0.000    0.000    0.000
 -74.030   40.850        0    0.000    0.000    0.000    0.000    0.000        0    0.000    0.000    0.000    0.000    0.000
 -74.030   40.860        0    0.000    0.000    0.000    0.000    0.000        0    0.000    0.000    0.000    0.000    0.000
 -74.030   40.870        0    0.000    0.000    0.000    0.000    0.000        0    0.000    0.000    0.000    0.000    0.000
 -74.020   40.680       21   25.262    0.877    3.556    0.096    0.035        5   12.700    0.000    3.835    0.000    0.000
 -74.020   40.690        0    0.000    0.000    0.000    0.000    0.000        0    0.000    0.000    0.000    0.000    0.000
 -74.020   40.700     4738   13.282    1.785    5.135    0.718    0.134     5861   13.962    1.673    4.549    0.556    0.120
 -74.020   40.710     8718   12.646    1.695    4.931    0.875    0.134    13782   12.884    1.730    4.611    0.796    0.134
 -74.020   40.720      890   11.008    1.629    5.351    0.947    0.148     3323   10.118    1.296    4.996    0.763    0.128
 -74.020   40.730       41   10.390    1.574    5.068    0.838    0.151       41   10.598    1.669    4.993    0.802    0.157
 -74.020   40.740        1   10.000    0.000    3.676    0.000    0.000       12   10.125    1.028    4.876    0.351    0.101
 -74.020   40.750        6    6.833    1.317    6.424    1.094    0.193        8    6.438    0.988    6.332    0.820    0.153
 -74.020   40.760        0    0.000    0.000    0.000    0.000    0.000        0    0.000    0.000    0.000    0.000    0.000
 -74.020   40.770        0    0.000    0.000    0.000    0.000    0.000        0    0.000    0.000    0.000    0.000    0.000
 -74.020   40.780        0    0.000    0.000    0.000    0.000    0.000        0    0.000    0.000    0.000    0.000    0.000
 -74.020   40.790        0    0.000    0.000    0.000    0.000    0.000        0    0.000    0.000    0.000    0.000    0.000
 -74.020   40.800        0    0.000    0.000    0.000    0.000    0.000        0    0.000    0.000    0.000    0.000    0.000
 -74.020   40.810        0    0.000    0.000    0.000    0.000    0.000        0    0.000    0.000    0.000    0.000    0.000
 -74.020   40.820        0    0.000    0.000    0.000    0.000    0.000        0    0.000    0.000    0.000    0.000    0.000
 -74.020   40.830        0    0.000    0.000    0.000    0.000    0.000        0    0.000    0.000    0.000    0.000    0.000
 -74.020   40.840        0    0.000    0.000    0.000    0.000    0.000        0    0.000    0.000    0.000    0.000    0.000
 -74.020   40.850        0    0.000    0.000    0.000    0.000    0.000        0    0.000    0.000    0.000    0.000    0.000
 -74.020   40.860        0    0.000    0.000    0.000    0.000    0.000        0    0.000    0.000    0.000    0.000    0.000
 -74.020   40.870        0    0.000    0.000    0.000    0.000    0.000        0    0.000    0.000    0.000    0.000    0.000
 -74.010   40.680      142   14.380    2.205    4.274    0.548    0.153       66   16.773    1.974    4.008    0.511    0.118
 -74.010   40.690        2   10.500    0.850    4.590    0.422    0.081       19   14.263    0.814    4.888    0.524    0.057
 -74.010   40.700     6025   14.100    1.940    4.721    0.678    0.138     6750   14.136    1.759    4.377    0.575    0.124
 -74.010   40.710     7995   11.194    1.460    5.677    0.688    0.130     5196   10.775    1.252    6.095    0.611    0.116
 -74.010   40.720     9457   10.172    1.388    4.874    0.671    0.136     9259    9.895    1.327    5.001    0.686    0.134
 -74.010   40.730    16318    9.472    1.340    4.866    0.695    0.141     5188    7.983    1.047    5.656    0.730    0.131
 -74.010   40.740     9827    9.300    1.260    5.535    0.707    0.136     7550    8.770    1.135    5.757    0.675    0.129
 -74.010   40.750     2005    9.291    1.278    5.474    0.725    0.138     8558    7.497    0.887    5.762    0.616    0.118
 -74.010   40.760     1037   10.408    1.451    5.574    0.798    0.139      930    9.259    1.180    5.212    0.675    0.127
 -74.010   40.770        3    7.500    0.210    6.499    0.350    0.028        3    6.167    0.310    6.708    0.475    0.050
 -74.010   40.780        0    0.000    0.000    0.000    0.000    0.000        0    0.000    0.000    0.000    0.000    0.000
 -74.010   40.790        1    8.000    2.200    8.333    2.292    0.275        2   16.750   11.860    3.450    2.193    0.708
 -74.010   40.800        1   10.000    2.000    3.704    0.741    0.200        1   28.000   50.000    4.249    7.587    1.786
 -74.010   40.810        0    0.000    0.000    0.000    0.000    0.000        0    0.000    0.000    0.000    0.000    0.000
 -74.010   40.820        0    0.000    0.000    0.000    0.000    0.000        0    0.000    0.000    0.000    0.000    0.000
 -74.010   40.830        0    0.000    0.000    0.000    0.000    0.000        0    0.000    0.000    0.000    0.000    0.000
 -74.010   40.840        0    0.000    0.000    0.000    0.000    0.000        0    0.000    0.000    0.000    0.000    0.000
 -74.010   40.850        0    0.000    0.000    0.000    0.000    0.000        0    0.000    0.000    0.000    0.000    0.000
 -74.010   40.860        0    0.000    0.000    0.000    0.000    0.000        0    0.000    0.000    0.000    0.000    0.000
 -74.010   40.870        0    0.000    0.000    0.000    0.000    0.000        0    0.000    0.000    0.000    0.000    0.000
 -74.000   40.680     2055   16.328    2.383    4.560    0.597    0.146      378   11.397    1.321    6.117    0.548    0.116
 -74.000   40.690     2158   16.952    2.375    4.145    0.518    0.140      739   10.202    1.184    5.911    0.593    0.116
 -74.000   40.700      265   15.209    1.870    4.084    0.482    0.123      162   13.040    1.297    4.642    0.457    0.099
 -74.000   40.710     2711   10.826    1.210    7.615    1.032    0.112     1645   10.493    0.936    9.502    1.241    0.089
 -74.000   40.720     9086    9.928    1.355    5.769    0.720    0.137     6446    8.737    1.216    6.391    0.798    0.139
 -74.000   40.730    18429    8.923    1.205    5.280    0.739    0.135    10527    7.853    1.074    5.673    0.805    0.137
 -74.000   40.740    31182    7.883    0.967    5.674    0.682    0.123    18786    8.224    1.115    5.635    0.753    0.136
 -74.000   40.750    48560    7.798    0.800    5.886    0.595    0.103    21141    8.417    1.045    5.628    0.641    0.124
 -74.000   40.760    10149    8.955    1.112    6.136    0.755    0.124     7032    7.798    0.820    6.140    0.569    0.105
 -74.000   40.770     1407    9.603    1.349    5.154    0.735    0.140     1761    8.165    0.658    5.415    0.400    0.081
 -74.000   40.780        0    0.000    0.000    0.000    0.000    0.000        0    0.000    0.000    0.000    0.000    0.000
 -74.000   40.790        1    9.500    2.060    4.524    0.981    0.217        1    3.000    0.000    0.300    0.000    0.000
 -74.000   40.800        0    0.000    0.000    0.000    0.000    0.000        0    0.000    0.000    0.000    0.000    0.000
 -74.000   40.810        0    0.000    0.000    0.000    0.000    0.000        0    0.000    0.000    0.000    0.000    0.000
 -74.000   40.820        0    0.000    0.000    0.000    0.000    0.000        0    0.000    0.000    0.000    0.000    0.000
 -74.000   40.830        0    0.000    0.000    0.000    0.000    0.000        0    0.000    0.000    0.000    0.000    0.000
 -74.000   40.840        0    0.000    0.000    0.000    0.000    0.000        0    0.000    0.000    0.000    0.000    0.000
 -74.000   40.850        0    0.000    0.000    0.000    0.000    0.000        0    0.000    0.000    0.000    0.000    0.000
 -74.000   40.860        0    0.000    0.000    0.000    0.000    0.000        0    0.000    0.000    0.000    0.000    0.000
 -74.000   40.870        0    0.000    0.000    0.000    0.000    0.000        0    0.000    0.000    0.000    0.000    0.000
 -73.990   40.680      644   14.582    1.781    4.560    0.551    0.122      328   12.898    1.346    6.650    0.518    0.104
 -73.990   40.690     1114   13.996    1.842    4.192    0.538    0.132      738   15.004    1.446    4.397    0.417    0.096
 -73.990   40.700      485   14.867    2.143    3.856    0.553    0.144      210   12.982    1.719    4.451    0.502    0.132
 -73.990   40.710     1760   10.951    1.228    5.033    0.523    0.112      958   10.536    1.113    5.155    0.491    0.106
 -73.990   40.720    12135   10.093    1.344    4.877    0.648    0.133     3610    8.974    0.990    5.702    0.636    0.110
 -73.990   40.730    24215    8.791    1.207    5.501    0.727    0.137    12688    8.190    0.975    6.035    0.674    0.119
 -73.990   40.740    25083    7.834    1.088    6.289    0.850    0.139    23064    7.790    0.999    6.187    0.737    0.128
 -73.990   40.750    19924    7.562    0.826    6.594    0.711    0.109    38774    8.294    1.087    5.818    0.734    0.131
 -73.990   40.760    23469    8.226    1.016    6.029    0.739    0.123    32792    8.094    1.061    5.804    0.717    0.131
 -73.990   40.770    17456    9.412    1.192    5.259    0.660    0.127     9192    8.474    0.962    5.614    0.603    0.114
 -73.990   40.780     3920   10.352    1.340    5.159    0.651    0.129     2127    8.584    0.969    5.501    0.609    0.113
 -73.990   40.790        3   19.167    2.903    3.400    0.450    0.151        9    9.167    0.918    4.733    0.590    0.100
 -73.990   40.800        0    0.000    0.000    0.000    0.000    0.000        0    0.000    0.000    0.000    0.000    0.000
 -73.990   40.810        0    0.000    0.000    0.000    0.000    0.000        0    0.000    0.000    0.000    0.000    0.000
 -73.990   40.820        0    0.000    0.000    0.000    0.000    0.000        0    0.000    0.000    0.000    0.000    0.000
 -73.990   40.830        0    0.000    0.000    0.000    0.000    0.000        0    0.000    0.000    0.000    0.000    0.000
 -73.990   40.840        0    0.000    0.000    0.000    0.000    0.000        0    0.000    0.000    0.000    0.000    0.000
 -73.990   40.850        0    0.000    0.000    0.000    0.000    0.000        0    0.000    0.000    0.000    0.000    0.000
 -73.990   40.860        0    0.000    0.000    0.000    0.000    0.000        0    0.000    0.000    0.000    0.000    0.000
 -73.990   40.870        0    0.000    0.000    0.000    0.000    0.000        0    0.000    0.000    0.000    0.000    0.000
 -73.980   40.680      537   14.223    1.631    5.963    0.426    0.115      328   13.729    1.553    5.018    0.501    0.113
 -73.980   40.690       60   11.700    1.445    5.150    0.525    0.123      247   12.879    1.485    4.796    0.494    0.115
 -73.980   40.700        0    0.000    0.000    0.000    0.000    0.000        0    0.000    0.000    0.000    0.000    0.000
 -73.980   40.710      311   10.906    1.195    5.045    0.537    0.110      614   11.289    0.969    4.509    0.397    0.086
 -73.980   40.720     2208    9.975    1.183    5.078    0.597    0.119     1156    9.096    0.915    5.405    0.503    0.101
 -73.980   40.730     5717    9.474    1.202    5.052    0.653    0.127     5898    8.587    0.938    5.425    0.595    0.109
 -73.980   40.740    23803    8.212    1.119    5.918    0.847    0.136    15766    8.251    0.988    5.662    0.672    0.120
 -73.980   40.750    31515    7.732    0.910    6.464    0.771    0.118    83383    8.351    1.130    5.479    0.739    0.135
 -73.980   40.760    10466    8.026    0.989    6.215    0.715    0.123    38368    8.317    1.098    5.508    0.718    0.132
 -73.980   40.770     5546    9.218    1.210    5.172    0.684    0.131     3014    8.450    1.026    5.282    0.640    0.121
 -73.980   40.780    14587   10.038    1.337    4.975    0.648    0.133     7503    7.997    0.889    5.896    0.625    0.111
 -73.980   40.790     7673   10.888    1.295    5.132    0.566    0.119     3454    8.492    0.976    5.870    0.640    0.115
 -73.980   40.800       10   11.950    1.766    4.740    0.607    0.148       39   10.377    1.237    4.524    0.536    0.119
 -73.980   40.810        0    0.000    0.000    0.000    0.000    0.000        0    0.000    0.000    0.000    0.000    0.000
 -73.980   40.820        0    0.000    0.000    0.000    0.000    0.000        0    0.000    0.000    0.000    0.000    0.000
 -73.980   40.830        0    0.000    0.000    0.000    0.000    0.000        0    0.000    0.000    0.000    0.000    0.000
 -73.980   40.840        0    0.000    0.000    0.000    0.000    0.000        0    0.000    0.000    0.000    0.000    0.000
 -73.980   40.850        2   21.500    0.000   24.167    0.000    0.000        5   31.400    4.000    5.134    0.784    0.127
 -73.980   40.860        0    0.000    0.000    0.000    0.000    0.000        0    0.000    0.000    0.000    0.000    0.000
 -73.980   40.870        0    0.000    0.000    0.000    0.000    0.000        0    0.000    0.000    0.000    0.000    0.000
 -73.970   40.680      106   13.495    1.932    4.863    0.648    0.143      193   15.754    1.828    4.225    0.498    0.116
 -73.970   40.690       87   11.255    1.122    5.244    0.609    0.100      200   16.385    1.930    4.056    0.431    0.118
 -73.970   40.700       47   12.574    1.556    4.556    0.613    0.124      176   13.142    1.473    4.385    0.472    0.112
 -73.970   40.710      282   12.266    1.589    4.966    0.575    0.130      424   12.911    1.695    4.374    0.549    0.131
 -73.970   40.720        9   22.611    5.250    4.455    0.811    0.232       27   16.167    2.213    3.871    0.543    0.137
 -73.970   40.730        9   10.722    0.772    4.866    0.374    0.072       21    9.405    0.300    4.448    0.180    0.032
 -73.970   40.740      115    9.948    1.525    6.300    0.904    0.153      252    8.852    0.989    5.838    0.492    0.112
 -73.970   40.750    17031    8.631    1.046    6.164    0.760    0.121     8494    8.495    0.978    5.592    0.611    0.115
 -73.970   40.760    29682    8.010    0.949    6.299    0.715    0.118    19192    8.109    0.982    5.988    0.685    0.121
 -73.970   40.770    13132    8.264    0.970    6.103    0.680    0.117    10437    7.971    0.920    6.092    0.658    0.115
 -73.970   40.780     3340    9.798    1.213    5.539    0.618    0.124     3586    9.174    0.912    5.640    0.561    0.099
 -73.970   40.790     8511   10.346    1.208    5.136    0.569    0.117     3139    8.775    0.866    5.756    0.539    0.099
 -73.970   40.800     5282   11.575    1.333    5.132    0.559    0.115     4086    9.608    1.102    5.498    0.579    0.115
 -73.970   40.810      336   12.055    1.501    4.885    0.585    0.125      368   10.531    1.031    5.080    0.387    0.098
 -73.970   40.820        0    0.000    0.000    0.000    0.000    0.000        0    0.000    0.000    0.000    0.000    0.000
 -73.970   40.830        0    0.000    0.000    0.000    0.000    0.000        0    0.000    0.000    0.000    0.000    0.000
 -73.970   40.840        0    0.000    0.000    0.000    0.000    0.000        0    0.000    0.000    0.000    0.000    0.000
 -73.970   40.850        1    3.000    0.000   16.667    0.000    0.000        2   35.000    0.000    3.174    0.000    0.000
 -73.970   40.860        0    0.000    0.000    0.000    0.000    0.000        0    0.000    0.000    0.000    0.000    0.000
 -73.970   40.870        0    0.000    0.000    0.000    0.000    0.000        0    0.000    0.000    0.000    0.000    0.000
 -73.960   40.680       83   13.904    1.876    4.545    0.481    0.135      191   16.643    1.680    3.836    0.358    0.101
 -73.960   40.690       53    9.576    0.625    5.553    0.344    0.065      178   15.921    1.255    3.931    0.351    0.079
 -73.960   40.700      140   13.511    1.649    4.749    0.858    0.122      175   12.408    1.129    4.447    0.350    0.091
 -73.960   40.710      590   13.957    1.949    5.457    0.606    0.140      555   13.074    1.674    4.514    0.657    0.128
 -73.960   40.720      214   11.715    1.565    4.958    0.621    0.134      264   13.873    1.835    4.317    0.585    0.132
 -73.960   40.730      180   12.747    1.840    5.217    0.603    0.144      265   14.513    1.517    4.347    0.395    0.104
 -73.960   40.740      380   14.502    2.536    7.018    0.933    0.175      390   13.345    1.925    6.179    0.584    0.144
 -73.960   40.750      256   10.729    1.098    8.015    0.541    0.102      337   10.055    0.996    7.212    0.461    0.099
 -73.960   40.760    20714   10.099    1.286    5.386    0.669    0.127    21430    8.983    1.041    5.669    0.635    0.116
 -73.960   40.770    33132    9.568    1.223    5.281    0.646    0.128    14775    7.468    0.840    6.211    0.695    0.112
 -73.960   40.780    19368   10.061    1.221    5.490    0.646    0.121    16699    8.450    1.017    5.935    0.710    0.120
 -73.960   40.790     1947   10.245    1.089    5.546    0.549    0.106     2288    9.483    1.102    5.240    0.536    0.116
 -73.960   40.800     2820   10.835    1.323    5.526    0.582    0.122     1631   10.616    1.090    5.641    0.499    0.103
 -73.960   40.810     1624   10.476    1.056    6.254    0.604    0.101     1570   10.437    1.123    5.956    0.569    0.108
 -73.960   40.820     1051   14.289    1.374    5.882    0.689    0.096      551   14.396    1.570    7.850    1.092    0.109
 -73.960   40.830        0    0.000    0.000    0.000    0.000    0.000        0    0.000    0.000    0.000    0.000    0.000
 -73.960   40.840        0    0.000    0.000    0.000    0.000    0.000        0    0.000    0.000    0.000    0.000    0.000
 -73.960   40.850        0    0.000    0.000    0.000    0.000    0.000        0    0.000    0.000    0.000    0.000    0.000
 -73.960   40.860        0    0.000    0.000    0.000    0.000    0.000        0    0.000    0.000    0.000    0.000    0.000
 -73.960   40.870        0    0.000    0.000    0.000    0.000    0.000        0    0.000    0.000    0.000    0.000    0.000
 -73.950   40.680       30   15.017    1.116    4.164    0.297    0.074      142   18.526    1.204    3.882    0.267    0.065
 -73.950   40.690       34   11.603    2.331    4.910    0.776    0.201      177   15.132    1.197    4.136    0.343    0.079
 -73.950   40.700       83   11.935    1.440    4.666    0.466    0.121      266   15.407    1.334    3.999    0.363    0.087
 -73.950   40.710      149   12.479    1.627    5.221    0.632    0.130      284   14.732    1.623    6.146    0.418    0.110
 -73.950   40.720      123   13.658    2.073   44.265    8.729    0.152      261   14.777    1.849   22.923    4.310    0.125
 -73.950   40.730       12   34.375    3.677    9.522    0.987    0.107      101   15.012    2.059    4.451    0.552    0.137
 -73.950   40.740      257   12.694    1.356    6.391    0.534    0.107      585   11.304    1.169    4.972    0.457    0.103
 -73.950   40.750      827   10.651    0.729    5.007    0.304    0.068      740    8.849    0.816    5.430    0.437    0.092
 -73.950   40.760       84   10.923    1.233    5.553    0.519    0.113      265    9.382    0.915    5.444    0.514    0.098
 -73.950   40.770    13788   10.491    1.328    5.162    0.625    0.127     4540    8.824    0.920    6.399    0.593    0.104
 -73.950   40.780     8265   10.337    1.297    5.393    0.680    0.125     3316    9.186    0.920    5.703    0.577    0.100
 -73.950   40.790     3223   10.025    0.817    5.393    0.402    0.081     2267    9.324    0.855    5.515    0.437    0.092
 -73.950   40.800     1753   11.070    1.169    5.623    0.530    0.106     1943    9.640    1.009    5.511    0.568    0.105
 -73.950   40.810      941   10.669    0.862    5.922    0.391    0.081     1039   11.621    1.057    5.158    0.379    0.091
 -73.950   40.820      698   12.085    0.979    6.900    0.342    0.081      735   13.950    1.329    6.648    0.418    0.095
 -73.950   40.830      711   14.671    1.582    4.586    0.419    0.108      803   17.837    1.830    3.870    0.338    0.103
 -73.950   40.840      165   16.221    2.177    4.726    0.524    0.134     2004   19.105    2.540    3.405    0.444    0.133
 -73.950   40.850        3    7.667    1.403    6.220    0.742    0.183       15   21.500    1.588    3.534    0.204    0.074
 -73.950   40.860        0    0.000    0.000    0.000    0.000    0.000        0    0.000    0.000    0.000    0.000    0.000
 -73.950   40.870        0    0.000    0.000    0.000    0.000    0.000        0    0.000    0.000    0.000    0.000    0.000
 -73.940   40.680       13   19.269    2.054    4.796    0.456    0.107       81   19.975    1.903    3.810    0.328    0.095
 -73.940   40.690       93   11.049    1.307    4.770    0.496    0.118      227   17.182    1.386    3.987    0.295    0.081
 -73.940   40.700      113   12.108    1.488    4.637    0.521    0.123      162   16.504    1.570    4.089    0.358    0.095
 -73.940   40.710       22   12.709    2.009    4.318    0.598    0.158       66   16.379    2.044    3.711    0.447    0.125
 -73.940   40.720        5   18.400    2.560    3.726    0.381    0.139       49   13.867    1.102    4.101    0.213    0.079
 -73.940   40.730       11   15.364    1.746    5.992    0.455    0.114      134   12.108    1.409    5.245    0.711    0.116
 -73.940   40.740      211   12.614    1.214    6.631    0.608    0.096      371   10.563    0.973    5.682    0.432    0.092
 -73.940   40.750      758   11.889    1.083    5.240    0.373    0.091      658    9.325    0.782    5.725    0.366    0.084
 -73.940   40.760     1041   12.134    1.062    4.875    0.414    0.088      345   10.277    0.633    5.230    0.238    0.062
 -73.940   40.770        6   11.167    1.667    4.893    0.413    0.149       71   11.120    0.725    4.911    0.240    0.065
 -73.940   40.780       13    8.962    0.669    5.299    0.362    0.075       60   10.725    0.861    8.885    0.417    0.080
 -73.940   40.790     1435   10.319    0.933    5.105    0.427    0.090     1363   10.361    1.028    4.681    0.406    0.099
 -73.940   40.800     1765   10.099    0.797    5.594    0.378    0.079     3897    9.621    1.209    4.592    0.541    0.126
 -73.940   40.810      895   11.035    0.959    5.681    0.427    0.087      386   13.177    0.936    4.756    0.294    0.071
 -73.940   40.820      204   11.191    0.719    6.859    0.523    0.064      236   15.438    1.012    5.417    0.384    0.066
 -73.940   40.830       15    9.700    0.481    5.888    0.165    0.050      166   16.368    1.402    4.066    0.313    0.086
 -73.940   40.840      305   14.009    1.416    5.218    0.353    0.101      652   19.719    2.176    3.858    0.375    0.110
 -73.940   40.850      122   14.807    1.644    5.180    0.426    0.111      281   20.494    1.867    3.922    0.325    0.091
 -73.940   40.860        3   15.000    1.267    5.855    0.198    0.084       26   22.769    1.238    3.149    0.192    0.054
 -73.940   40.870        0    0.000    0.000    0.000    0.000    0.000        0    0.000    0.000    0.000    0.000    0.000
 -73.930   40.680       15   12.367    1.471    4.624    0.459    0.119      115   19.063    1.901    3.941    0.352    0.100
 -73.930   40.690       67   11.518    1.248    5.109    0.578    0.108      215   16.552    1.680    4.131    0.446    0.101
 -73.930   40.700       52   12.298    1.293    4.990    0.382    0.105      171   17.967    1.727    4.020    0.368    0.096
 -73.930   40.710        3    8.167    0.000    4.500    0.000    0.000       20   14.550    1.387    4.099    0.317    0.095
 -73.930   40.720        1   20.500    0.000    3.312    0.000    0.000       31   15.048    0.676    3.789    0.135    0.045
 -73.930   40.730       32   26.578    3.324    6.826    0.757    0.125      116   14.940    1.110    4.008    0.305    0.074
 -73.930   40.740     1528   15.140    1.561    5.032    0.421    0.103      478   11.738    0.789    6.934    0.260    0.067
 -73.930   40.750      309   11.879    0.959    5.022    0.333    0.081      597   11.073    1.112    4.904    0.418    0.100
 -73.930   40.760     1844   13.904    1.580    4.572    0.456    0.114      663   12.718    1.149    5.111    0.401    0.090
 -73.930   40.770      686   14.642    1.874    4.449    0.492    0.128      190   14.569    1.148    4.389    0.291    0.079
 -73.930   40.780       16   27.781    3.977    7.892    0.976    0.143       14   13.229    1.531    4.054    0.269    0.116
 -73.930   40.790       22   25.023    3.371   13.110    1.286    0.135       25   12.568    0.865    6.166    0.265    0.069
 -73.930   40.800       78   11.718    1.072    5.874    0.394    0.091      135   13.411    1.202    4.330    0.636    0.090
 -73.930   40.810      179   11.218    0.503    5.081    0.203    0.045      489   14.938    1.569    6.038    0.406    0.105
 -73.930   40.820       95   17.060    0.508    4.899    0.139    0.030      142   17.325    1.613    4.027    0.340    0.093
 -73.930   40.830       40   10.613    0.541    8.068    0.329    0.051      112   20.071    1.766    4.681    0.286    0.088
 -73.930   40.840       11   11.909    0.182    5.068    0.030    0.015       36   20.750    1.011    3.488    0.133    0.049
 -73.930   40.850        8   13.150    0.970    4.671    0.427    0.074      170   21.189    2.101    3.628    0.322    0.099
 -73.930   40.860       97   16.014    1.225    7.148    0.289    0.076      205   22.956    1.318    4.603    0.212    0.057
 -73.930   40.870        0    0.000    0.000    0.000    0.000    0.000        0    0.000    0.000    0.000    0.000    0.000
 -73.920   40.680       10   12.250    0.846    5.035    0.298    0.069      108   21.724    1.665    3.772    0.316    0.077
 -73.920   40.690       26   11.892    1.705    5.007    0.504    0.143      132   19.712    1.377    4.038    0.323    0.070
 -73.920   40.700       11    7.682    0.512    5.139    0.243    0.067       96   20.669    1.598    3.862    0.328    0.077
 -73.920   40.710        0    0.000    0.000    0.000    0.000    0.000        0    0.000    0.000    0.000    0.000    0.000
 -73.920   40.720        4   44.625    7.823   11.009    1.963    0.175       38   16.447    0.828    3.559    0.214    0.050
 -73.920   40.730       18   30.861    5.169    7.006    0.937    0.167       63   15.710    0.927    4.043    0.352    0.059
 -73.920   40.740     1739   15.231    1.487    4.353    0.377    0.098      344   12.960    0.841    4.788    0.253    0.065
 -73.920   40.750      377   10.517    0.929    5.347    0.325    0.088      354   10.714    0.772    5.360    0.367    0.072
 -73.920   40.760      602   12.508    1.337    5.653    0.492    0.107      438   13.958    1.290    5.286    0.341    0.092
 -73.920   40.770      618   16.049    1.967   11.928    0.459    0.123      503   14.250    1.223   14.681    0.581    0.086
 -73.920   40.780       52   10.404    1.318    5.082    0.617    0.127      134   13.834    1.120    4.481    0.275    0.081
 -73.920   40.790        3   19.333    2.333   16.566    0.884    0.121       50   16.240    3.223    3.406    0.696    0.198
 -73.920   40.800        9   11.278    0.000    4.631    0.000    0.000      150   14.223    1.152    3.922    0.325    0.081
 -73.920   40.810       41   13.854    0.906    4.898    0.283    0.065      127   16.201    1.310    4.047    0.286    0.081
 -73.920   40.820       39   16.577    1.765    6.572    0.249    0.106      107   17.371    1.208    4.597    0.318    0.070
 -73.920   40.830       32   10.219    0.435    5.246    0.148    0.043      104   21.228    1.234    3.726    0.192    0.058
 -73.920   40.840       17   13.824    0.735    5.572    0.061    0.053      114   22.332    1.903    3.392    0.277    0.085
 -73.920   40.850        2   15.750    0.000    5.415    0.000    0.000       44   22.955    1.101    3.396    0.146    0.048
 -73.920   40.860       11   17.591    2.822    4.203    0.367    0.160       55   19.709    1.801    4.047    0.242    0.091
 -73.920   40.870        9   12.611    0.596    5.199    0.233    0.047      141   24.347    3.182    3.278    0.406    0.131
 -73.910   40.680        3   18.500    1.087    3.995    0.326    0.059       44   22.232    1.658    3.835    0.342    0.075
 -73.910   40.690        7   15.643    1.380    4.208    0.234    0.088       86   23.588    1.442    3.818    0.270    0.061
 -73.910   40.700        4    4.625    0.275    7.448    0.284    0.059       79   21.908    0.863    3.630    0.171    0.039
 -73.910   40.710        6   15.917    0.293   23.996    0.140    0.018       38   19.539    1.111    6.864    0.228    0.057
 -73.910   40.720       12   31.375    3.521    6.261    0.808    0.112       27   20.389    0.796    3.604    0.157    0.039
 -73.910   40.730        4   17.375    0.000    6.745    0.000    0.000       55   15.564    1.013    4.280    0.190    0.065
 -73.910   40.740      854   14.804    0.848   10.652    0.228    0.057      306   14.074    0.933   22.104    0.333    0.066
 -73.910   40.750      197   12.108    0.640    4.566    0.253    0.053      151   14.178    1.045    4.246    0.299    0.074
 -73.910   40.760      180    8.606    1.012   15.873    0.544    0.118      183   10.796    0.844   15.042    0.168    0.078
 -73.910   40.770      327   12.639    1.437    5.603    0.598    0.114      206   15.639    1.469    4.460    0.374    0.094
 -73.910   40.780        3   15.667    0.633    4.398    0.289    0.040        7   21.500    0.300    3.636    0.224    0.014
 -73.910   40.790        0    0.000    0.000    0.000    0.000    0.000        0    0.000    0.000    0.000    0.000    0.000
 -73.910   40.800        3   13.333    3.837    3.833    1.040    0.288       15   16.467    0.763    3.930    0.202    0.046
 -73.910   40.810       15   11.033    0.137    5.700    0.146    0.012       65   22.338    0.918    3.646    0.173    0.041
 -73.910   40.820       44    9.739    0.258    5.712    0.177    0.027       87   15.747    1.697    4.290    0.395    0.108
 -73.910   40.830        8   13.312    0.000    4.999    0.000    0.000       91   22.071    3.113    3.531    0.492    0.141
 -73.910   40.840        7   12.500    0.000    4.077    0.000    0.000       48   23.177    1.224    3.315    0.191    0.053
 -73.910   40.850       12   15.167    0.577    4.321    0.131    0.038       59   23.576    0.922    3.453    0.106    0.039
 -73.910   40.860       12   17.208    0.100   79.170    0.116    0.006       80   25.578    1.559   16.183    0.178    0.061
 -73.910   40.870       15   11.633    0.123    4.479    0.112    0.011       56   27.375    0.931    3.176    0.098    0.034
