  1        7   10.799    1.434    0.133        7   10.885    1.451    0.133
  2        4   11.103    1.406    0.127        4   11.266    1.442    0.128
  3        2   10.615    1.128    0.106        2   11.048    1.189    0.108
  4        6    9.320    1.156    0.124        5    8.956    1.099    0.123
  5       10    9.877    1.297    0.131       10    9.786    1.287    0.132
  6       10    9.602    1.159    0.121       10    9.622    1.170    0.122
  7       11    9.562    1.129    0.118       11    9.564    1.133    0.118
  8       11    9.616    1.118    0.116       11    9.612    1.118    0.116
  9       11    9.445    1.174    0.124       10    9.403    1.156    0.123
 10       14    9.560    3.979    0.416       14    9.560    3.974    0.416
 11       13    9.810    1.377    0.140       13    9.789    1.372    0.140
 12       11   10.352    1.429    0.138       11   10.319    1.431    0.139
